id	x	y
1001	-86.501121	32.500172
1003	-87.76113	30.561135
1005	-85.307836	31.848393
1007	-87.127884	33.027147
1009	-86.583386	33.96257
1011	-85.702462	32.115871
1013	-86.657268	31.772114
1015	-85.824297	33.721455
1017	-85.267602	32.862682
1019	-85.62842	34.182162
1021	-86.690734	32.874184
1023	-88.262087	32.017998
1025	-87.813187	31.687329
1027	-85.818106	33.270913
1029	-85.506061	33.623221
1031	-85.914789	31.356584
1033	-87.687985	34.723078
1035	-87.003172	31.416316
1037	-86.157085	32.974444
1039	-86.410167	31.281551
1041	-86.301987	31.745487
1043	-86.833216	34.160508
1045	-85.639808	31.388777
1047	-87.035539	32.406601
1049	-85.811234	34.459035
1051	-86.218359	32.563603
1053	-87.27994	31.089297
1055	-86.024607	34.015608
1057	-87.770384	33.725054
1059	-87.794714	34.458095
1061	-85.793121	31.095134
1063	-87.928009	32.823728
1065	-87.634526	32.771102
1067	-85.264965	31.484836
1069	-85.388061	31.204059
1071	-85.941653	34.732674
1073	-86.816365	33.520795
1075	-88.109866	33.765079
1077	-87.606434	34.869288
1079	-87.273921	34.545564
1081	-85.348903	32.590057
1083	-86.9538	34.823406
1085	-86.622082	32.157234
1087	-85.708737	32.422691
1089	-86.607643	34.744336
1091	-87.803668	32.339953
1093	-87.874616	34.111678
1095	-86.297927	34.31541
1097	-88.162344	30.685213
1099	-87.362322	31.508498
1101	-86.255165	32.346323
1103	-86.928602	34.512395
1105	-87.364314	32.583021
1107	-88.073106	33.292772
1109	-85.943149	31.782602
1111	-85.4218	33.254258
1113	-85.071124	32.421169
1115	-86.354009	33.662841
1117	-86.737505	33.290146
1119	-88.228963	32.564532
1121	-86.172606	33.365747
1123	-85.860672	32.856862
1125	-87.523133	33.213018
1127	-87.249536	33.830025
1129	-88.184919	31.411425
1131	-87.386391	32.004517
1133	-87.416963	34.163151
4001	-109.413156	35.605679
4003	-110.048033	31.617325
4005	-111.582284	35.514578
4007	-111.005816	33.81325
4009	-109.806363	32.869329
4011	-109.254049	32.999163
4012	-114.184787	33.949318
4013	-112.022074	33.495995
4015	-114.265546	35.029952
4017	-110.220568	34.934822
4019	-110.961327	32.226022
4021	-111.508178	33.043675
4023	-110.939324	31.426865
4025	-112.258128	34.628487
4027	-114.589049	32.662487
5001	-91.457552	34.399651
5003	-91.867571	33.179015
5005	-92.382352	36.332756
5007	-94.228491	36.337698
5009	-93.09877	36.26529
5011	-92.106842	33.55886
5013	-92.491029	33.5876
5015	-93.57076	36.37307
5017	-91.313903	33.320563
5019	-93.122622	34.089545
5021	-90.377709	36.373138
5023	-92.039127	35.512396
5025	-92.146595	33.915811
5027	-93.243323	33.258474
5029	-92.702557	35.215445
5031	-90.666285	35.834775
5033	-94.282879	35.496472
5035	-90.219837	35.179239
5037	-90.77368	35.257179
5039	-92.5384	33.873975
5041	-91.409971	33.78138
5043	-91.779585	33.628898
5045	-92.403066	35.104914
5047	-93.889547	35.440711
5049	-91.759194	36.380518
5051	-93.081334	34.508767
5053	-92.410766	34.310779
5055	-90.52427	36.07663
5057	-93.625336	33.698673
5059	-92.895631	34.354741
5061	-93.914971	33.983036
5063	-91.609014	35.747705
5065	-91.910973	36.122606
5067	-91.245507	35.62282
5069	-92.038891	34.23272
5071	-93.474737	35.477838
5073	-93.554335	33.293622
5075	-91.063522	36.068881
5077	-90.774247	34.784062
5079	-91.764796	33.976969
5081	-94.20002	33.701225
5083	-93.765332	35.228015
5085	-91.962919	34.887653
5087	-93.756622	36.053103
5089	-92.663765	36.279132
5091	-93.983938	33.399318
5093	-89.997208	35.841502
5095	-91.21653	34.778426
5097	-93.62381	34.52581
5099	-93.355591	33.725009
5101	-93.177083	35.982065
5103	-92.838638	33.574532
5105	-92.78767	34.998416
5107	-90.711976	34.523138
5109	-93.624521	34.178523
5111	-90.559801	35.600236
5113	-94.261495	34.5167
5115	-93.095233	35.312106
5117	-91.531142	34.85759
5119	-92.304727	34.773922
5121	-90.986928	36.30763
5123	-90.767132	35.018024
5125	-92.545406	34.591552
5127	-94.093674	34.906231
5129	-92.659995	35.929202
5131	-94.355169	35.317749
5133	-94.298395	34.012856
5135	-91.521214	36.173767
5137	-92.142109	35.858255
5139	-92.638859	33.205726
5141	-92.422609	35.569198
5143	-94.173691	36.088757
5145	-91.758188	35.250341
5147	-91.246384	35.224719
5149	-93.29615	35.113471
6001	-122.1044	37.705235
6003	-119.890081	38.688942
6005	-120.756538	38.402394
6007	-121.706306	39.672615
6009	-120.616572	38.174944
6011	-122.091665	39.161095
6013	-122.046488	37.939191
6015	-124.16222	41.790957
6017	-120.686298	38.759669
6019	-119.771617	36.736249
6021	-122.17798	39.659153
6023	-124.084617	40.754794
6025	-115.526846	32.84903
6027	-118.271948	37.160859
6029	-118.922816	35.372319
6031	-119.732589	36.241578
6033	-122.740516	38.976995
6035	-120.590325	40.438343
6037	-118.241221	34.059239
6039	-119.995904	37.048172
6041	-122.547128	37.985165
6043	-119.939601	37.525687
6045	-123.397378	39.280046
6047	-120.626134	37.281508
6049	-120.684721	41.534201
6051	-119.002505	37.793168
6053	-121.66131	36.619779
6055	-122.326649	38.340449
6057	-120.91541	39.219439
6059	-117.866552	33.736025
6061	-121.141664	38.853135
6063	-120.831693	39.990907
6065	-117.054503	33.809707
6067	-121.378715	38.57436
6069	-121.40105	36.841889
6071	-117.352332	34.181384
6073	-117.113663	32.883876
6075	-122.43924	37.759381
6077	-121.291623	37.941513
6079	-120.671035	35.341428
6081	-122.341161	37.563309
6083	-120.072957	34.623538
6085	-121.910602	37.315085
6087	-121.938746	36.987304
6089	-122.293119	40.586688
6091	-120.435218	39.609537
6093	-122.483506	41.573546
6095	-122.07253	38.233231
6097	-122.721488	38.413019
6099	-120.959434	37.623951
6101	-121.64364	39.133137
6103	-122.22902	40.107128
6105	-123.059644	40.678654
6107	-119.226403	36.248002
6109	-120.322513	37.974803
6111	-119.026267	34.242621
6113	-121.7341	38.602984
6115	-121.486326	39.154437
8001	-104.945588	39.866651
8003	-105.876208	37.48465
8005	-104.861157	39.649924
8007	-107.068876	37.227461
8009	-102.514	37.368248
8011	-103.153899	38.077434
8013	-105.179956	40.052115
8014	-105.055933	39.929375
8015	-106.079356	38.675115
8017	-102.456508	38.821546
8019	-105.538761	39.71407
8021	-105.995023	37.196052
8023	-105.45701	37.276973
8025	-103.838331	38.215272
8027	-105.38962	38.122626
8029	-107.902915	38.804222
8031	-104.964881	39.719527
8033	-108.772355	37.744102
8035	-104.885509	39.492619
8037	-106.698663	39.595054
8039	-104.518808	39.372283
8041	-104.765815	38.868394
8043	-105.206991	38.42549
8045	-107.538801	39.508728
8047	-105.475747	39.854249
8049	-106.001164	40.063427
8051	-106.953174	38.649055
8053	-107.301667	37.959692
8055	-104.873539	37.615053
8057	-106.294302	40.689996
8059	-105.128321	39.722255
8061	-102.710544	38.466099
8063	-102.457075	39.31041
8065	-106.307254	39.243201
8067	-107.813533	37.26553
8069	-105.109915	40.504948
8071	-104.515583	37.193431
8073	-103.60145	39.182185
8075	-103.182031	40.641793
8077	-108.535924	39.090882
8079	-106.923168	37.768077
8081	-107.622021	40.517287
8083	-108.553959	37.372834
8085	-107.956301	38.476678
8087	-103.778319	40.25561
8089	-103.658476	38.0253
8091	-107.752478	38.13711
8093	-105.582633	39.331849
8095	-102.391378	40.602089
8097	-106.908516	39.234298
8099	-102.540647	38.082859
8101	-104.636566	38.25748
8103	-108.269849	40.049911
8105	-106.249822	37.617326
8107	-106.902685	40.454861
8109	-106.061443	37.887437
8111	-107.665012	37.810978
8113	-107.955675	37.962397
8115	-102.32265	40.958217
8117	-106.049992	39.575123
8119	-105.132617	38.945033
8121	-103.162186	40.089902
8123	-104.76146	40.346042
8125	-102.482997	40.060749
9001	-73.36604	41.208537
9003	-72.717694	41.762046
9005	-73.191377	41.726636
9007	-72.568149	41.475213
9009	-72.940803	41.394875
9011	-72.096863	41.440972
9013	-72.373819	41.84329
9015	-71.991819	41.806787
10001	-75.556542	39.1179
10003	-75.630718	39.696501
10005	-75.352504	38.657625
11001	-77.014573	38.910219
12001	-82.38087	29.666495
12003	-82.195963	30.288537
12005	-85.654871	30.20493
12007	-82.124988	29.950694
12009	-80.688568	28.241405
12011	-80.222279	26.138299
12013	-85.124886	30.459171
12015	-82.114988	26.957089
12017	-82.451935	28.858514
12019	-81.798507	30.080402
12021	-81.706964	26.192083
12023	-82.661188	30.131577
12027	-81.870753	27.19292
12029	-83.060866	29.636787
12031	-81.621185	30.301059
12033	-87.27395	30.482656
12035	-81.224997	29.529491
12037	-84.834728	29.79567
12039	-84.584432	30.601396
12041	-82.812023	29.700923
12043	-81.155428	26.933153
12045	-85.268227	29.958287
12047	-82.992902	30.499641
12049	-81.812592	27.546287
12051	-81.200306	26.722833
12053	-82.495486	28.505559
12055	-81.436837	27.458328
12057	-82.409769	27.982983
12059	-85.756902	30.853289
12061	-80.433453	27.667818
12063	-85.208188	30.794857
12065	-83.890022	30.499192
12067	-83.183963	30.06385
12069	-81.756504	28.768651
12071	-81.872854	26.574859
12073	-84.271002	30.467089
12075	-82.677735	29.374031
12077	-84.911879	30.373316
12079	-83.432307	30.475005
12081	-82.551297	27.475205
12083	-82.119076	29.152957
12085	-80.242455	27.142685
12086	-80.295226	25.780546
12087	-81.247673	24.74337
12089	-81.64574	30.60892
12091	-86.56534	30.530678
12093	-80.825931	27.274234
12095	-81.386335	28.540464
12097	-81.371861	28.273275
12099	-80.144711	26.608623
12101	-82.539672	28.269319
12103	-82.728042	27.89939
12105	-81.811684	28.022406
12107	-81.721555	29.606082
12109	-81.395304	29.975121
12111	-80.345209	27.353972
12113	-87.044507	30.558669
12115	-82.449183	27.222562
12117	-81.315131	28.692978
12119	-82.060455	28.788692
12121	-82.989294	30.213546
12123	-83.58671	30.063588
12125	-82.353669	30.013784
12127	-81.116669	29.080616
12129	-84.355317	30.175843
12131	-86.181879	30.611393
12133	-85.626457	30.65459
13001	-82.338126	31.770949
13003	-82.88841	31.313975
13005	-82.468101	31.543688
13007	-84.419713	31.321605
13009	-83.242009	33.078418
13011	-83.509084	34.356078
13013	-83.737134	33.994722
13015	-84.827354	34.205804
13017	-83.246215	31.727617
13019	-83.246461	31.232721
13021	-83.685037	32.831881
13023	-83.334013	32.403762
13025	-81.982324	31.213951
13027	-83.550633	30.835003
13029	-81.389851	31.992721
13031	-81.764091	32.41914
13033	-81.99512	33.093505
13035	-83.967372	33.294713
13037	-84.669168	31.52103
13039	-81.628611	30.815984
13043	-82.05851	32.399153
13045	-85.056601	33.612304
13047	-85.170918	34.928764
13049	-82.026856	30.791959
13051	-81.108584	32.028274
13053	-84.908704	32.34426
13055	-85.345378	34.496889
13057	-84.504682	34.160533
13059	-83.379384	33.949932
13061	-85.009411	31.631666
13063	-84.36627	33.558237
13065	-82.756217	31.030655
13067	-84.55256	33.94464
13069	-82.840696	31.519937
13071	-83.769665	31.179962
13073	-82.16001	33.516185
13075	-83.426366	31.149438
13077	-84.739916	33.381408
13079	-83.928863	32.704403
13081	-83.776725	31.94963
13083	-85.49552	34.886772
13085	-84.104705	34.396912
13087	-84.570967	30.885564
13089	-84.250187	33.790843
13091	-83.174232	32.205332
13093	-83.78716	32.165512
13095	-84.164316	31.571193
13097	-84.731014	33.727943
13099	-84.911088	31.328481
13101	-82.978703	30.734597
13103	-81.301849	32.294558
13105	-82.875221	34.125067
13107	-82.309007	32.585108
13109	-81.907677	32.171011
13111	-84.317921	34.903376
13113	-84.510621	33.426681
13115	-85.183017	34.253566
13117	-84.142677	34.197539
13119	-83.185758	34.377423
13121	-84.388733	33.836084
13123	-84.482189	34.676413
13125	-82.59736	33.235926
13127	-81.480011	31.198725
13129	-84.903775	34.49986
13131	-84.217908	30.880643
13133	-83.157825	33.556782
13135	-84.077293	33.945268
13137	-83.54068	34.567242
13139	-83.843005	34.283658
13141	-83.004623	33.254103
13143	-85.18763	33.76221
13145	-84.901167	32.712981
13147	-82.962471	34.354328
13149	-85.108187	33.30341
13151	-84.182892	33.489676
13153	-83.656781	32.574894
13155	-83.281855	31.603577
13157	-83.56905	34.136192
13159	-83.715106	33.351884
13161	-82.598089	31.847011
13163	-82.412448	33.057944
13165	-81.949785	32.795569
13167	-82.682063	32.702534
13169	-83.550459	32.960639
13171	-84.153803	33.073889
13173	-83.080003	31.035849
13175	-82.924611	32.518943
13177	-84.167275	31.688568
13179	-81.580659	31.829806
13181	-82.44663	33.779868
13183	-81.743439	31.761453
13185	-83.277083	30.85739
13187	-83.98282	34.529144
13189	-82.469274	33.461598
13191	-81.40817	31.475771
13193	-84.040702	32.327207
13195	-83.240187	34.104946
13197	-84.526709	32.371648
13199	-84.671759	33.010992
13201	-84.735397	31.161457
13205	-84.167967	31.220884
13207	-83.905796	33.031467
13209	-82.53071	32.166828
13211	-83.489564	33.601329
13213	-84.791139	34.774049
13215	-84.931243	32.484637
13217	-83.887828	33.574799
13219	-83.451346	33.875186
13221	-83.139348	33.910831
13223	-84.81062	33.891458
13225	-83.8346	32.585828
13227	-84.439477	34.457343
13229	-82.234905	31.31826
13231	-84.370896	33.096629
13233	-85.178391	34.010239
13235	-83.474947	32.271411
13237	-83.344919	33.312482
13239	-85.075013	31.865362
13241	-83.409013	34.875635
13243	-84.755064	31.760849
13245	-82.046799	33.427048
13247	-84.023223	33.640942
13249	-84.314387	32.244383
13251	-81.63259	32.729118
13253	-84.872663	30.967254
13255	-84.272942	33.257982
13257	-83.285685	34.556113
13259	-84.76511	32.08072
13261	-84.221158	32.058594
13263	-84.578453	32.694229
13265	-82.879141	33.566431
13267	-82.051902	32.039155
13269	-84.213396	32.5612
13271	-82.897316	32.008856
13273	-84.428822	31.773382
13275	-83.946441	30.869454
13277	-83.515332	31.451214
13279	-82.36778	32.181196
13281	-83.77705	34.936024
13283	-82.585745	32.385204
13285	-85.033417	33.033355
13287	-83.631236	31.703438
13289	-83.410457	32.695017
13291	-83.999829	34.870222
13293	-84.325588	32.906953
13295	-85.295039	34.837661
13297	-83.780525	33.79227
13299	-82.381965	31.22145
13301	-82.669964	33.406793
13303	-82.778594	32.962209
13305	-81.915895	31.613701
13307	-84.577441	32.056303
13309	-82.745073	32.146318
13311	-83.741961	34.598918
13313	-84.967205	34.790301
13315	-83.415116	31.970921
13317	-82.751093	33.757199
13319	-83.234638	32.839816
13321	-83.860487	31.537574
16001	-116.28725	43.611477
16003	-116.382937	44.835589
16005	-112.421428	42.864678
16007	-111.342181	42.313169
16009	-116.64055	47.271071
16011	-112.36252	43.216684
16013	-114.304597	43.551614
16015	-115.951169	43.910146
16017	-116.635614	48.236537
16019	-112.004878	43.495228
16021	-116.314201	48.706958
16023	-113.284231	43.671622
16025	-114.788806	43.37624
16027	-116.633363	43.613214
16029	-111.655511	42.653951
16031	-113.745017	42.476551
16033	-112.305501	44.178633
16035	-116.170114	46.491363
16037	-114.09973	44.286637
16039	-115.708916	43.091974
16041	-111.872643	42.103207
16043	-111.615941	44.011285
16045	-116.508699	43.886675
16047	-114.753091	42.855127
16049	-116.089587	45.95653
16051	-111.984208	43.701114
16053	-114.446601	42.692577
16055	-116.825403	47.734435
16057	-116.924925	46.74271
16059	-113.858924	45.1291
16061	-116.266777	46.239007
16063	-114.316027	42.972957
16065	-111.792768	43.818644
16067	-113.710125	42.621464
16069	-116.948094	46.392604
16071	-112.326272	42.18789
16073	-116.668214	43.359889
16075	-116.892251	44.022098
16077	-112.841054	42.778875
16079	-116.083152	47.515453
16081	-111.133553	43.700026
16083	-114.508618	42.555587
16085	-116.057576	44.742118
16087	-116.914008	44.303601
17001	-91.326497	39.945337
17003	-89.287254	37.14646
17005	-89.435178	38.887183
17007	-88.848734	42.292298
17009	-90.743037	39.962118
17011	-89.426594	41.383872
17013	-90.634982	39.133034
17015	-89.962031	42.070357
17017	-90.308871	39.979523
17019	-88.232482	40.131215
17021	-89.254406	39.523317
17023	-87.801079	39.348215
17025	-88.489254	38.716191
17027	-89.466553	38.586609
17029	-88.256604	39.489277
17031	-87.753278	41.865087
17033	-87.745008	39.007832
17035	-88.290258	39.278693
17037	-88.731899	41.922741
17039	-88.910332	40.171068
17041	-88.273799	39.768378
17043	-88.070343	41.850287
17045	-87.713797	39.636638
17047	-88.039526	38.406743
17049	-88.575932	39.093135
17051	-89.03595	38.997354
17053	-88.216588	40.52697
17055	-88.956158	37.96448
17057	-90.122955	40.519093
17059	-88.238	37.769786
17061	-90.373048	39.371575
17063	-88.363788	41.329773
17065	-88.555305	38.092853
17067	-91.193653	40.423064
17069	-88.292026	37.479437
17071	-90.947412	40.835735
17073	-90.133411	41.348968
17075	-87.829732	40.763715
17077	-89.284126	37.753125
17079	-88.157146	39.004757
17081	-88.912536	38.309806
17083	-90.323443	39.070261
17085	-90.304286	42.410967
17087	-88.865767	37.472535
17089	-88.325908	41.920674
17091	-87.848645	41.145055
17093	-88.397608	41.66565
17095	-90.327951	40.938649
17097	-87.961421	42.310244
17099	-88.894027	41.353384
17101	-87.720659	38.715149
17103	-89.39366	41.808861
17105	-88.5722	40.904057
17107	-89.362977	40.139509
17109	-90.670545	40.469855
17111	-88.3445	42.275194
17113	-88.953456	40.494537
17115	-88.947611	39.851451
17117	-89.87844	39.194625
17119	-90.025512	38.802351
17121	-89.019289	38.591684
17123	-89.315133	41.042797
17125	-89.896262	40.285004
17127	-88.714058	37.176014
17129	-89.80217	40.001423
17131	-90.688689	41.212588
17133	-90.168873	38.354615
17135	-89.501769	39.203927
17137	-90.233454	39.717136
17139	-88.616782	39.633668
17141	-89.262412	42.02783
17143	-89.638192	40.739045
17145	-89.326873	38.057751
17147	-88.583314	40.00321
17149	-90.864562	39.621602
17151	-88.54688	37.401473
17153	-89.131707	37.200952
17155	-89.265719	41.231582
17157	-89.808674	38.082399
17159	-88.086993	38.725092
17161	-90.505297	41.488279
17163	-90.006718	38.550906
17165	-88.537382	37.754367
17167	-89.652812	39.774112
17169	-90.562587	40.131912
17171	-90.463204	39.644751
17173	-88.800017	39.395126
17175	-89.79165	41.100852
17177	-89.64536	42.32581
17179	-89.537887	40.598366
17181	-89.236412	37.467224
17183	-87.655615	40.151569
17185	-87.791034	38.429945
17187	-90.634027	40.891169
17189	-89.38462	38.360091
17191	-88.416437	38.404875
17193	-88.189183	38.092258
17195	-89.824058	41.781766
17197	-88.040089	41.558728
17199	-88.972634	37.756312
17201	-89.063644	42.303342
17203	-89.278609	40.770546
18001	-84.935966	40.755674
18003	-85.11926	41.09507
18005	-85.900725	39.216831
18007	-87.294172	40.576112
18009	-85.341628	40.4695
18011	-86.414222	40.02216
18013	-86.212459	39.239225
18015	-86.604222	40.581202
18017	-86.339162	40.748087
18019	-85.731356	38.369663
18021	-87.12563	39.462343
18023	-86.512885	40.29876
18025	-86.422973	38.310716
18027	-87.099735	38.696381
18029	-84.921423	39.138133
18031	-85.493886	39.316919
18033	-85.034584	41.379741
18035	-85.400767	40.204808
18037	-86.911965	38.355147
18039	-85.907364	41.638934
18041	-85.147712	39.639044
18043	-85.854512	38.321586
18045	-87.2717	40.147441
18047	-85.067243	39.404699
18049	-86.22451	41.05798
18051	-87.544808	38.309525
18053	-85.645976	40.526253
18055	-86.996172	39.052301
18057	-86.071576	40.005879
18059	-85.818021	39.807323
18061	-86.099035	38.235463
18063	-86.425641	39.770399
18065	-85.405511	39.928232
18067	-86.130193	40.472001
18069	-85.485862	40.866449
18071	-85.942667	38.925785
18073	-87.146915	41.071607
18075	-85.039792	40.426942
18077	-85.433833	38.758858
18079	-85.646436	39.004132
18081	-86.114651	39.550415
18083	-87.452318	38.700149
18085	-85.830385	41.267614
18087	-85.454036	41.634025
18089	-87.406066	41.534197
18091	-86.790634	41.63161
18093	-86.492333	38.845408
18095	-85.703177	40.12259
18097	-86.137254	39.796636
18099	-86.277043	41.346555
18101	-86.844772	38.679691
18103	-86.066849	40.741919
18105	-86.538804	39.164225
18107	-86.899538	40.034128
18109	-86.40304	39.510092
18111	-87.383205	40.994252
18113	-85.392613	41.414672
18115	-84.905169	38.953467
18117	-86.494107	38.561527
18119	-86.804046	39.317458
18121	-87.224986	39.75865
18123	-86.710323	38.007422
18125	-87.232288	38.424919
18127	-87.105097	41.515079
18129	-87.828067	38.012897
18131	-86.689823	41.048788
18133	-86.836609	39.648792
18135	-85.002093	40.168951
18137	-85.221567	39.159782
18139	-85.475201	39.621825
18141	-86.227442	41.675366
18143	-85.760417	38.701729
18145	-85.791457	39.53747
18147	-87.016161	38.015378
18149	-86.638661	41.280856
18151	-85.013603	41.647177
18153	-87.394692	39.102849
18155	-85.026081	38.809885
18157	-86.885996	40.417931
18159	-86.053591	40.308629
18161	-84.919871	39.616109
18163	-87.554154	37.992305
18165	-87.440018	39.763843
18167	-87.387101	39.462481
18169	-85.802972	40.854427
18171	-87.326312	40.313328
18173	-87.348174	38.014078
18175	-86.087729	38.57211
18177	-84.94712	39.842628
18179	-85.195418	40.770081
18181	-86.810409	40.757514
18183	-85.48124	41.163829
19001	-94.477916	41.340726
19003	-94.710922	41.006761
19005	-91.416136	43.255856
19007	-92.867445	40.739973
19009	-94.924756	41.677178
19011	-92.023509	42.057138
19013	-92.367769	42.490737
19015	-93.898107	42.029001
19017	-92.37093	42.745559
19019	-91.896993	42.48813
19021	-95.180194	42.680614
19023	-92.762653	42.708616
19025	-94.623009	42.400309
19027	-94.866677	42.039658
19029	-94.977711	41.362901
19031	-91.137656	41.75839
19033	-93.242914	43.135534
19035	-95.592392	42.747242
19037	-92.338641	43.039058
19039	-93.776802	41.036204
19041	-95.160799	43.124904
19043	-91.316931	42.86105
19045	-90.339898	41.854009
19047	-95.360179	42.027529
19049	-93.970607	41.666823
19051	-92.41568	40.765444
19053	-93.818648	40.714344
19055	-91.380097	42.481114
19057	-91.142193	40.834615
19059	-95.135288	43.38972
19061	-90.759428	42.494035
19063	-94.754477	43.393509
19065	-91.85213	42.824327
19067	-92.757527	43.074748
19069	-93.243247	42.749413
19071	-95.624666	40.746534
19073	-94.372176	42.030459
19075	-92.751189	42.379272
19077	-94.432711	41.672653
19079	-93.763614	42.407764
19081	-93.706891	43.089678
19083	-93.213678	42.43263
19085	-95.81098	41.66514
19087	-91.536948	40.981177
19089	-92.234287	43.361191
19091	-94.214029	42.751059
19093	-95.504838	42.391088
19095	-92.043899	41.699222
19097	-90.56658	42.142119
19099	-93.067207	41.678542
19101	-91.96656	41.012826
19103	-91.557288	41.676352
19105	-91.194263	42.133575
19107	-92.174502	41.326421
19109	-94.217569	43.15166
19111	-91.397648	40.560302
19113	-91.647015	42.010492
19115	-91.255304	41.222446
19117	-93.312097	41.019531
19119	-96.216711	43.384534
19121	-93.992658	41.343302
19123	-92.637818	41.313595
19125	-93.04297	41.353595
19127	-92.937486	42.030441
19129	-95.6891	41.047943
19131	-92.802821	43.340151
19133	-95.979223	42.062781
19135	-92.830257	41.039076
19137	-95.168964	41.011164
19139	-91.078006	41.464836
19141	-95.683262	43.123267
19143	-95.678216	43.385188
19145	-95.191623	40.746335
19147	-94.688969	43.09749
19149	-96.202452	42.748241
19151	-94.699005	42.747284
19153	-93.643815	41.61768
19155	-95.79106	41.28065
19157	-92.619483	41.709128
19159	-94.225825	40.736232
19161	-95.092601	42.37368
19163	-90.569147	41.561825
19165	-95.321762	41.667913
19167	-96.166659	43.081295
19169	-93.594642	42.027746
19171	-92.541326	42.068659
19173	-94.679098	40.752188
19175	-94.315172	41.052985
19177	-91.946488	40.745608
19179	-92.419345	41.015844
19181	-93.585747	41.400491
19183	-91.698198	41.35844
19185	-93.312018	40.742189
19187	-94.179499	42.479425
19189	-93.671252	43.342349
19191	-91.816501	43.281044
19193	-96.342216	42.483083
19195	-93.248743	43.366601
19197	-93.749134	42.734036
20001	-95.365174	37.89636
20003	-95.261631	38.245573
20005	-95.186152	39.553901
20007	-98.561405	37.214901
20009	-98.758789	38.396932
20011	-94.75201	37.845708
20013	-95.550395	39.798908
20015	-96.98026	37.728749
20017	-96.562293	38.35301
20019	-96.234952	37.112818
20021	-94.752435	37.115819
20023	-101.745224	39.768094
20025	-99.866968	37.281039
20027	-97.126343	39.356205
20029	-97.635396	39.530774
20031	-95.739622	38.245775
20033	-99.371689	37.239896
20035	-96.993465	37.181297
20037	-94.733553	37.442293
20039	-100.485432	39.803185
20041	-97.150477	38.880239
20043	-95.086474	39.788495
20045	-95.251432	38.94194
20047	-99.360013	37.916531
20049	-96.236417	37.419317
20051	-99.328553	38.88227
20053	-98.268075	38.720209
20055	-100.863332	37.975714
20057	-99.992619	37.750137
20059	-95.26116	38.599919
20061	-96.834877	39.039867
20063	-100.376937	39.042426
20065	-99.859678	39.357427
20067	-101.352721	37.581029
20069	-100.41024	37.724078
20071	-101.764279	38.480646
20073	-96.228419	37.855443
20075	-101.75948	37.984535
20077	-98.051223	37.213003
20079	-97.386548	38.047928
20081	-100.9001	37.493429
20083	-99.864907	38.082946
20085	-95.754694	39.401485
20087	-95.395209	39.212287
20089	-98.203863	39.7777
20091	-94.727496	38.933989
20093	-101.232661	37.957827
20095	-98.106631	37.605665
20097	-99.264339	37.598842
20099	-95.26051	37.257887
20101	-100.491594	38.506136
20103	-94.956784	39.246675
20105	-98.182009	39.037377
20107	-94.79864	38.22666
20109	-100.935495	39.091697
20111	-96.178617	38.414125
20113	-97.649269	38.379219
20115	-97.122198	38.323842
20117	-96.572517	39.800398
20119	-100.399371	37.287791
20121	-94.847021	38.580323
20123	-98.172777	39.453123
20125	-95.694027	37.140025
20127	-96.586725	38.698123
20129	-101.843006	37.046096
20131	-95.970218	39.825732
20133	-95.394002	37.625186
20135	-99.904499	38.497468
20137	-99.875114	39.819263
20139	-95.712962	38.696323
20141	-98.710938	39.423285
20143	-97.686152	39.103254
20145	-99.156916	38.17626
20147	-99.343813	39.757254
20149	-96.30764	39.26479
20151	-98.731918	37.647072
20153	-101.046339	39.80891
20155	-97.935364	38.050048
20157	-97.662706	39.819435
20159	-98.201909	38.31667
20161	-96.632479	39.192332
20163	-99.311553	39.322431
20165	-99.280029	38.524395
20167	-98.822174	38.905876
20169	-97.608262	38.815142
20171	-100.913532	38.481114
20173	-97.345225	37.677319
20175	-100.916526	37.055235
20177	-95.705406	39.035287
20179	-100.466697	39.362665
20181	-101.729059	39.349422
20183	-98.805084	39.76928
20185	-98.731481	38.005818
20187	-101.754065	37.562729
20189	-101.323961	37.190909
20191	-97.408915	37.300613
20193	-101.050106	39.38356
20195	-99.882528	38.999204
20197	-96.182712	38.975134
20199	-101.768227	38.893303
20201	-97.061198	39.781441
20203	-101.358619	38.496032
20205	-95.745011	37.516164
20207	-95.749786	37.873029
20209	-94.703135	39.102865
21001	-85.278319	37.106821
21003	-86.202969	36.750391
21005	-84.931077	38.026598
21007	-88.985579	37.044605
21009	-85.930216	36.993514
21011	-83.739781	38.14233
21013	-83.699797	36.691559
21015	-84.678528	38.987023
21017	-84.244038	38.208477
21019	-82.663733	38.430739
21021	-84.803666	37.634302
21023	-84.068367	38.710502
21025	-83.376599	37.513961
21027	-86.425207	37.769481
21029	-85.661605	38.022367
21031	-86.676368	37.221688
21033	-87.87748	37.13038
21035	-88.301879	36.619461
21037	-84.44164	39.039193
21039	-88.954788	36.857929
21041	-85.133546	38.671264
21043	-83.037772	38.311992
21045	-84.92729	37.303555
21047	-87.479121	36.804377
21049	-84.182142	37.985735
21051	-83.739901	37.170212
21053	-85.138185	36.711433
21055	-88.095015	37.333722
21057	-85.386379	36.784491
21059	-87.094301	37.748596
21061	-86.255435	37.203846
21063	-83.108769	38.119682
21065	-83.993683	37.702987
21067	-84.497074	38.018177
21069	-83.709584	38.38498
21071	-82.739176	37.551925
21073	-84.866902	38.198289
21075	-89.046004	36.541132
21077	-84.859135	38.762288
21079	-84.573693	37.646044
21081	-84.604186	38.686141
21083	-88.648201	36.740189
21085	-86.30706	37.47093
21087	-85.539136	37.265494
21089	-82.817057	38.556078
21091	-86.800227	37.870349
21093	-85.916281	37.754042
21095	-83.238921	36.862956
21097	-84.316922	38.417187
21099	-85.882891	37.27673
21101	-87.563149	37.817624
21103	-85.170433	38.436289
21105	-88.963198	36.663941
21107	-87.525161	37.304355
21109	-83.990295	37.400108
21111	-85.699217	38.202543
21113	-84.586627	37.8824
21115	-82.812373	37.833789
21117	-84.546799	39.01816
21119	-82.942975	37.337891
21121	-83.907773	36.901586
21123	-85.716722	37.541242
21125	-84.091435	37.092242
21127	-82.68199	38.07442
21129	-83.705752	37.584811
21131	-83.370885	37.110509
21133	-82.805353	37.14308
21135	-83.337088	38.561981
21137	-84.669592	37.467484
21139	-88.353255	37.14266
21141	-86.868179	36.857866
21143	-88.078933	37.063886
21145	-88.647924	37.048425
21147	-84.450401	36.714895
21149	-87.225528	37.511517
21151	-84.286256	37.706646
21153	-83.052501	37.728119
21155	-85.284036	37.571787
21157	-88.335502	36.9
21159	-82.49949	37.84059
21161	-83.790529	38.619908
21163	-86.139392	37.938723
21165	-83.595107	37.942722
21167	-84.854042	37.785369
21169	-85.643977	36.987909
21171	-85.727434	36.710215
21173	-83.913888	38.035452
21175	-83.260062	37.910875
21177	-87.148091	37.237118
21179	-85.462661	37.817382
21181	-84.019251	38.321641
21183	-86.858231	37.464859
21185	-85.452943	38.371721
21187	-84.832978	38.52534
21189	-83.679491	37.454623
21191	-84.353642	38.721598
21193	-83.200783	37.256666
21195	-82.418616	37.464107
21197	-83.873386	37.844846
21199	-84.613264	37.092002
21201	-84.049492	38.535356
21203	-84.347296	37.378648
21205	-83.440359	38.193872
21207	-85.058223	37.026855
21209	-84.571934	38.239735
21211	-85.221836	38.214503
21213	-86.575346	36.736213
21215	-85.343383	38.052322
21217	-85.344956	37.356161
21219	-87.176263	36.811318
21221	-87.84023	36.84909
21223	-85.339621	38.626266
21225	-87.930379	37.653577
21227	-86.434154	36.974375
21229	-85.188672	37.734849
21231	-84.847339	36.833774
21233	-87.688707	37.500252
21235	-84.13565	36.809757
21237	-83.51431	37.743917
21239	-84.725647	38.05021
22001	-92.351265	30.274825
22003	-92.77315	30.669432
22005	-90.929252	30.243441
22007	-91.066037	29.923761
22009	-92.061184	31.053164
22011	-93.287905	30.735858
22013	-93.079341	32.392252
22015	-93.655613	32.5557
22017	-93.801325	32.474586
22019	-93.26254	30.227943
22021	-92.105826	32.080807
22023	-93.221171	29.90115
22025	-91.827802	31.691328
22027	-93.028793	32.826144
22029	-91.547244	31.592803
22031	-93.776913	32.093294
22033	-91.102272	30.464308
22035	-91.195899	32.772181
22037	-91.087089	30.827588
22039	-92.364257	30.683046
22041	-91.696413	32.137714
22043	-92.562388	31.544285
22045	-91.81156	29.99179
22047	-91.242541	30.273505
22049	-92.633874	32.283307
22051	-90.152718	29.943987
22053	-92.735337	30.241316
22055	-92.043073	30.208125
22057	-90.607445	29.67541
22059	-92.172913	31.730413
22061	-92.648647	32.549885
22063	-90.837524	30.4817
22065	-91.193737	32.398716
22067	-91.884043	32.789814
22069	-93.100637	31.758797
22071	-90.050229	29.977425
22073	-92.126671	32.51155
22075	-89.821089	29.640775
22077	-91.500901	30.673149
22079	-92.460403	31.28424
22081	-93.308217	32.05639
22083	-91.714582	32.442512
22085	-93.567355	31.58198
22087	-89.935066	29.929599
22089	-90.375969	29.936497
22091	-90.702783	30.794653
22093	-90.739257	30.021457
22095	-90.514539	30.069756
22097	-92.109191	30.520425
22099	-91.829502	30.220103
22101	-91.352092	29.744098
22103	-89.936886	30.377457
22105	-90.457463	30.575622
22107	-91.298231	31.971967
22109	-90.720168	29.586953
22111	-92.401556	32.799509
22113	-92.174206	29.983087
22115	-93.242502	31.095589
22117	-89.977691	30.83723
22119	-93.341533	32.701527
22121	-91.265297	30.443585
22123	-91.427429	32.817737
22125	-91.438873	30.878319
22127	-92.67355	31.935705
23001	-70.201641	44.120919
23003	-68.09182	46.708857
23005	-70.300689	43.748899
23007	-70.230167	44.702819
23009	-68.467991	44.46705
23011	-69.74899	44.398321
23013	-69.160297	44.12626
23015	-69.557231	44.027308
23017	-70.61143	44.288779
23019	-68.78609	44.964977
23021	-69.250863	45.253077
23023	-69.874755	43.952468
23025	-69.686808	44.820977
23027	-69.083101	44.489694
23029	-67.459187	44.859048
23031	-70.639393	43.417969
24001	-78.817186	39.629227
24003	-76.596452	39.066718
24005	-76.619071	39.368331
24009	-76.539794	38.544057
24011	-75.829486	38.869249
24013	-76.993272	39.527456
24015	-75.937848	39.614232
24017	-76.950622	38.578186
24019	-76.011374	38.564741
24021	-77.400132	39.436529
24023	-79.304603	39.510871
24025	-76.310864	39.521938
24027	-76.857419	39.218413
24029	-76.066316	39.24244
24031	-77.1195	39.083003
24033	-76.891722	38.906911
24035	-76.160641	39.018338
24037	-76.579633	38.308093
24039	-75.751092	38.119143
24041	-76.106839	38.769387
24043	-77.73331	39.617374
24045	-75.593337	38.37291
24047	-75.236785	38.30202
24510	-76.620601	39.314997
25001	-70.328699	41.689175
25003	-73.218576	42.458483
25005	-71.109209	41.794622
25007	-70.603786	41.418331
25009	-70.983194	42.623878
25011	-72.562933	42.576636
25013	-72.574403	42.125537
25015	-72.577242	42.311663
25017	-71.255967	42.448892
25019	-70.091979	41.269864
25021	-71.14822	42.202017
25023	-70.855086	42.025044
25025	-71.078204	42.333722
25027	-71.805524	42.304581
26001	-83.473937	44.669146
26003	-86.694156	46.380414
26005	-85.882465	42.602088
26007	-83.506828	45.050773
26009	-85.205176	44.982597
26011	-83.886502	44.043436
26013	-88.446279	46.754848
26015	-85.340609	42.612446
26017	-83.926281	43.633118
26019	-86.030951	44.647373
26021	-86.409366	41.990219
26023	-85.033947	41.929861
26025	-85.101092	42.289523
26027	-86.036552	41.899795
26029	-85.117361	45.243924
26031	-84.517375	45.514275
26033	-84.39617	46.372407
26035	-84.826175	43.94866
26037	-84.562068	42.901642
26039	-84.673124	44.661365
26041	-87.064548	45.80738
26043	-88.012518	45.836504
26045	-84.742488	42.642038
26047	-84.909499	45.436101
26049	-83.695522	43.012135
26051	-84.435472	43.966476
26053	-89.992466	46.446513
26055	-85.606299	44.71305
26057	-84.630257	43.341028
26059	-84.605069	41.914585
26061	-88.541793	47.12383
26063	-83.064748	43.835999
26065	-84.487743	42.689848
26067	-85.086108	42.957332
26069	-83.545553	44.359702
26071	-88.544422	46.106731
26073	-84.803935	43.609841
26075	-84.406609	42.24121
26077	-85.581735	42.262991
26079	-85.158784	44.722721
26081	-85.628914	42.96503
26083	-88.298598	47.340454
26085	-85.799862	43.958346
26087	-83.252975	43.060485
26089	-85.732451	44.9131
26091	-84.052083	41.923941
26093	-83.854754	42.570604
26095	-85.540784	46.344896
26097	-84.883383	46.002446
26099	-82.958634	42.581306
26101	-86.180728	44.304179
26103	-87.495351	46.486548
26105	-86.349223	43.974243
26107	-85.384774	43.656076
26109	-87.584531	45.339561
26111	-84.300545	43.643116
26113	-85.166651	44.309044
26115	-83.484903	41.899336
26117	-85.172783	43.292017
26119	-84.130106	44.994965
26121	-86.217008	43.244081
26123	-85.809957	43.469856
26125	-83.308651	42.585712
26127	-86.302658	43.636203
26129	-84.119755	44.293887
26131	-89.297168	46.71347
26133	-85.349483	43.966714
26135	-84.149434	44.694668
26137	-84.659402	45.006305
26139	-86.026418	42.909829
26141	-83.877931	45.35371
26143	-84.644137	44.362524
26145	-83.989854	43.395749
26147	-82.566384	42.904253
26149	-85.523505	41.887285
26151	-82.78039	43.366056
26153	-86.236142	46.033139
26155	-84.145923	42.941509
26157	-83.437793	43.429934
26159	-86.018043	42.260758
26161	-83.726379	42.259208
26163	-83.203209	42.339303
26165	-85.488083	44.304503
27001	-93.514804	46.567152
27003	-93.272548	45.193086
27005	-95.768544	46.852753
27007	-94.85293	47.592655
27009	-94.103295	45.63339
27011	-96.445043	45.400375
27013	-94.003475	44.126283
27015	-94.601517	44.28368
27017	-92.537591	46.645326
27019	-93.678351	44.839412
27021	-94.417389	46.839066
27023	-95.608939	44.960624
27025	-92.929527	45.458574
27027	-96.666613	46.860627
27029	-95.388464	47.559979
27031	-90.347848	47.822301
27033	-95.121127	43.944098
27035	-94.149381	46.43252
27037	-93.153501	44.77147
27039	-92.815799	44.029323
27041	-95.396811	45.908788
27043	-93.958873	43.680832
27045	-92.076887	43.687126
27047	-93.362411	43.66358
27049	-92.670912	44.44966
27051	-95.940568	45.943124
27053	-93.359067	44.971966
27055	-91.438165	43.718028
27057	-94.93351	47.052381
27059	-93.268193	45.543678
27061	-93.520295	47.319342
27063	-95.119622	43.66793
27065	-93.297793	45.886828
27067	-95.016517	45.155169
27069	-96.789715	48.730814
27071	-93.497754	48.500345
27073	-96.138566	44.985241
27075	-91.525374	47.208164
27077	-94.757208	48.769105
27079	-93.728087	44.384779
27081	-96.253753	44.376884
27083	-95.79775	44.428846
27085	-94.264472	44.858954
27087	-95.841566	47.293352
27089	-96.531291	48.317037
27091	-94.512899	43.667563
27093	-94.485746	45.132826
27095	-93.622734	45.811671
27097	-94.327968	45.98691
27099	-92.89781	43.664884
27101	-95.740348	43.986238
27103	-94.070467	44.266817
27105	-95.675933	43.639581
27107	-96.491789	47.310434
27109	-92.46907	44.021073
27111	-95.7995	46.405024
27113	-96.145899	48.103013
27115	-92.891282	46.035319
27117	-96.274571	43.983851
27119	-96.535928	47.776415
27121	-95.440106	45.627387
27123	-93.106134	44.993588
27125	-96.149258	47.877791
27127	-95.19145	44.444603
27129	-94.935685	44.721311
27131	-93.263221	44.366908
27133	-96.236081	43.650605
27135	-95.646988	48.822324
27137	-92.313792	47.094932
27139	-93.465687	44.713129
27141	-93.735818	45.407515
27143	-94.172739	44.579954
27145	-94.366748	45.555723
27147	-93.215424	44.06293
27149	-95.935749	45.582281
27151	-95.684423	45.266914
27153	-94.882461	46.068228
27155	-96.548221	45.750662
27157	-92.221797	44.299323
27159	-95.042168	46.526815
27161	-93.553995	44.059736
27163	-92.918798	44.984682
27165	-94.58525	43.990919
27167	-96.525968	46.31377
27169	-91.712345	44.023776
27171	-93.860288	45.192387
27173	-95.84138	44.736755
28001	-91.36007	31.546887
28003	-88.528687	34.909286
28005	-90.816999	31.178914
28007	-89.589145	33.064923
28009	-89.204885	34.809963
28011	-90.780776	33.7776
28013	-89.305994	33.924162
28015	-89.928522	33.457091
28017	-88.930812	33.931958
28019	-89.239431	33.340846
28021	-90.969972	31.9332
28023	-88.726086	32.054236
28025	-88.696197	33.62682
28027	-90.569963	34.224489
28029	-90.386141	31.895644
28031	-89.546723	31.638081
28033	-89.965751	34.930269
28035	-89.291788	31.312171
28037	-90.879266	31.472553
28039	-88.596752	30.874107
28041	-88.62957	31.207034
28043	-89.804512	33.769319
28045	-89.406174	30.363591
28047	-89.062692	30.423634
28049	-90.253506	32.308237
28051	-90.035483	33.092427
28053	-90.519803	33.154383
28055	-91.027409	32.876064
28057	-88.4023	34.291999
28059	-88.651409	30.436858
28061	-89.143578	31.967466
28063	-91.053618	31.716662
28065	-89.817831	31.579482
28067	-89.164108	31.670594
28069	-88.669636	32.755619
28071	-89.519948	34.363511
28073	-89.44224	31.254527
28075	-88.688913	32.402589
28077	-90.105736	31.555363
28079	-89.509614	32.737443
28081	-88.702491	34.26854
28083	-90.215655	33.518516
28085	-90.454721	31.552432
28087	-88.395533	33.515141
28089	-90.093917	32.512031
28091	-89.828419	31.25074
28093	-89.539123	34.812295
28095	-88.498626	33.923812
28097	-89.678616	33.4977
28099	-89.115271	32.754385
28101	-89.126176	32.412036
28103	-88.554849	33.130961
28105	-88.832582	33.449457
28107	-89.9402	34.348854
28109	-89.632532	30.643823
28111	-88.989355	31.258432
28113	-90.434329	31.212023
28115	-89.014236	34.250421
28117	-88.553696	34.629961
28119	-90.269119	34.269482
28121	-90.033177	32.273998
28123	-89.523353	32.403084
28125	-90.856452	32.916475
28127	-89.852608	31.913987
28129	-89.499497	31.968156
28131	-89.128135	30.81262
28133	-90.586594	33.594599
28135	-90.164763	33.968724
28137	-89.940001	34.647932
28139	-88.926406	34.767028
28141	-88.22984	34.726702
28143	-90.368872	34.688333
28145	-89.007545	34.483892
28147	-90.118754	31.149484
28149	-90.847768	32.324126
28151	-91.009503	33.369999
28153	-88.658552	31.647747
28155	-89.232835	33.583305
28157	-91.237511	31.127982
28159	-89.045541	33.084727
28161	-89.698749	34.078961
28163	-90.380343	32.82189
29001	-92.582353	40.195722
29003	-94.815967	39.925313
29005	-95.434881	40.42246
29007	-91.816804	39.203552
29009	-93.857695	36.730596
29011	-94.305911	37.492092
29013	-94.364167	38.27402
29015	-93.310252	38.304073
29017	-89.997139	37.335163
29019	-92.321127	38.962785
29021	-94.822743	39.749292
29023	-90.408946	36.749962
29025	-93.984754	39.664303
29027	-91.990604	38.800407
29029	-92.75154	38.073713
29031	-89.607131	37.352327
29033	-93.496559	39.409
29035	-90.905799	36.951543
29037	-94.423916	38.739878
29039	-93.904435	37.767433
29041	-92.934502	39.481008
29043	-93.262045	37.021831
29045	-91.709265	40.415323
29047	-94.493747	39.245763
29049	-94.367958	39.602641
29051	-92.222847	38.554554
29053	-92.778607	38.908597
29055	-91.321187	38.056064
29057	-93.828881	37.418892
29059	-93.061449	37.644788
29061	-93.982346	39.942555
29063	-94.358787	39.827765
29065	-91.540625	37.628161
29067	-92.591195	36.938433
29069	-90.060106	36.324016
29071	-91.000329	38.4347
29073	-91.491383	38.459729
29075	-94.427165	40.196982
29077	-93.303707	37.196547
29079	-93.593364	40.092227
29081	-93.996285	40.316934
29083	-93.740073	38.394792
29085	-93.337433	37.906305
29087	-95.201293	40.089069
29089	-92.710695	39.137185
29091	-91.872736	36.79345
29093	-90.722761	37.570209
29095	-94.454669	39.013357
29097	-94.441136	37.128681
29099	-90.476488	38.3419
29101	-93.764127	38.753855
29103	-92.154579	40.149357
29105	-92.656984	37.670635
29107	-93.841973	39.056427
29109	-93.799277	37.035172
29111	-91.644814	40.084954
29113	-90.92582	39.015006
29115	-93.068514	39.800524
29117	-93.555283	39.788904
29119	-94.404181	36.619579
29121	-92.511102	39.801538
29123	-90.300268	37.529997
29125	-91.889317	38.170823
29127	-91.454933	39.741118
29129	-93.574529	40.42721
29131	-92.506583	38.244701
29133	-89.361514	36.853545
29135	-92.617632	38.631818
29137	-91.97431	39.514734
29139	-91.46709	38.951979
29141	-92.848929	38.380362
29143	-89.658447	36.5986
29145	-94.409169	36.922854
29147	-94.865902	40.354404
29149	-91.462837	36.61816
29151	-91.881568	38.463236
29153	-92.432494	36.62033
29155	-89.748648	36.184982
29157	-89.856777	37.716078
29159	-93.24766	38.702433
29161	-91.749871	37.940281
29163	-91.151385	39.370226
29165	-94.683093	39.260575
29167	-93.403976	37.60284
29169	-92.174349	37.825155
29171	-92.980901	40.478381
29173	-91.461809	39.574938
29175	-92.451455	39.415114
29177	-94.062091	39.335204
29179	-90.965751	37.33392
29181	-90.794839	36.623429
29183	-90.638065	38.773899
29185	-93.778711	38.05758
29186	-90.166996	37.935363
29187	-90.491094	37.832557
29189	-90.385095	38.648781
29195	-93.204303	39.112599
29197	-92.518432	40.465413
29199	-92.145137	40.449714
29201	-89.578763	37.013191
29203	-91.431951	37.062894
29205	-92.073194	39.755593
29207	-89.969815	36.850247
29209	-93.441882	36.71367
29211	-93.108273	40.219054
29213	-93.184872	36.652784
29215	-91.96584	37.312909
29217	-94.341853	37.833955
29219	-91.106864	38.780399
29221	-90.787344	37.951484
29223	-90.517901	37.110598
29225	-92.904881	37.269186
29227	-94.4386	40.485875
29229	-92.433744	37.197285
29510	-90.253987	38.624673
30001	-112.723665	45.251556
30003	-107.496765	45.556465
30005	-108.916825	48.43804
30007	-111.510745	46.311328
30009	-109.097544	45.309381
30011	-104.496712	45.678996
30013	-111.309143	47.489092
30015	-110.409184	47.930042
30017	-105.818169	46.405069
30019	-105.414665	48.796359
30021	-104.752627	47.142229
30023	-112.958374	46.120344
30025	-104.330407	46.362792
30027	-109.443179	47.086829
30029	-114.275453	48.253875
30031	-111.123181	45.685188
30033	-106.990071	47.281354
30035	-112.789128	48.597898
30037	-109.161466	46.320317
30039	-113.302123	46.446337
30041	-109.774736	48.519092
30043	-112.056433	46.244884
30045	-110.207196	47.098265
30047	-114.119725	47.599163
30049	-112.031071	46.646139
30051	-110.98837	48.555523
30053	-115.406054	48.533221
30055	-105.762186	47.624539
30057	-111.966404	45.438348
30059	-110.890928	46.539443
30061	-114.929623	47.182059
30063	-114.019252	46.87523
30065	-108.484041	46.448443
30067	-110.575462	45.599059
30069	-108.307405	47.022326
30071	-107.843173	48.364886
30073	-112.149841	48.216568
30075	-105.545015	45.416196
30077	-112.756551	46.460201
30079	-105.258365	46.814743
30081	-114.108602	46.340385
30083	-104.229998	47.722959
30085	-105.242137	48.140641
30087	-106.643434	45.926404
30089	-115.192852	47.653933
30091	-104.506904	48.739126
30093	-112.525402	45.987825
30095	-109.29932	45.602246
30097	-109.930808	45.819184
30099	-112.072722	47.771483
30101	-111.839902	48.592605
30103	-107.276504	46.258653
30105	-106.551806	48.240128
30107	-109.813447	46.468678
30109	-104.19041	46.968518
30111	-108.5357	45.791792
31001	-98.416066	40.582342
31003	-98.056871	42.143949
31005	-101.686219	41.578052
31007	-103.69133	41.559955
31009	-99.991786	41.883591
31011	-98.018949	41.686788
31013	-102.908274	42.142374
31015	-98.727614	42.890327
31017	-99.851852	42.533838
31019	-99.068011	40.740627
31021	-96.344251	41.84791
31023	-97.139952	41.24412
31025	-96.063362	40.943499
31027	-97.252729	42.578905
31029	-101.623725	40.500893
31031	-100.76408	42.772014
31033	-102.984583	41.169632
31035	-98.034599	40.542571
31037	-97.076676	41.523471
31039	-96.761928	41.897237
31041	-99.663706	41.402392
31043	-96.444582	42.444664
31045	-103.080022	42.776211
31047	-99.856889	40.827151
31049	-102.350287	41.088508
31051	-96.827641	42.441469
31053	-96.533988	41.477404
31055	-96.050274	41.259172
31057	-101.61733	40.085951
31059	-97.577158	40.542847
31061	-98.947614	40.184014
31063	-100.402335	40.607708
31065	-99.931986	40.244096
31067	-96.715101	40.270384
31069	-102.321119	41.445228
31071	-99.104041	41.802795
31073	-99.824429	40.587431
31075	-101.731579	41.942672
31077	-98.495867	41.556109
31079	-98.379356	40.914679
31081	-98.02492	40.878941
31083	-99.400869	40.142874
31085	-101.055922	40.491701
31087	-101.018802	40.207032
31089	-98.747859	42.459128
31091	-101.081444	41.985006
31093	-98.497777	41.18916
31095	-97.137834	40.167331
31097	-96.235039	40.399165
31099	-98.99496	40.503302
31101	-101.701728	41.142075
31103	-99.696635	42.863644
31105	-103.661788	41.226601
31107	-97.79278	42.623142
31109	-96.673118	40.801976
31111	-100.787433	41.117748
31113	-100.489675	41.494044
31115	-99.407087	41.817977
31117	-101.003837	41.561496
31119	-97.465752	42.001
31121	-98.034567	41.132951
31123	-103.145269	41.703718
31125	-97.903229	41.403268
31127	-95.834359	40.403465
31129	-98.056772	40.118849
31131	-96.027519	40.667648
31133	-96.180051	40.13169
31135	-101.663656	40.846832
31137	-99.408472	40.467912
31139	-97.597995	42.26697
31141	-97.391361	41.471265
31143	-97.556691	41.177954
31145	-100.582518	40.20354
31147	-95.677461	40.102531
31149	-99.489423	42.537588
31151	-97.030268	40.576386
31153	-96.011827	41.152189
31155	-96.573107	41.201563
31157	-103.683911	41.866554
31159	-97.110446	40.869764
31161	-102.38754	42.708023
31163	-98.970684	41.222556
31165	-103.836926	42.393672
31167	-97.245198	41.981981
31169	-97.627209	40.182037
31171	-100.567871	41.966427
31173	-96.515829	42.156374
31175	-98.948972	41.571237
31177	-96.159748	41.507078
31179	-97.0618	42.22132
31181	-98.486333	40.193785
31183	-98.538641	41.87623
31185	-97.604523	40.865371
32001	-118.80221	39.473605
32003	-115.138143	36.145196
32005	-119.756393	38.952442
32007	-115.482011	40.869065
32009	-117.624375	37.81003
32011	-116.178281	39.923419
32013	-117.742822	41.025549
32015	-116.91811	40.504197
32017	-114.665167	37.773738
32019	-119.329738	39.288167
32021	-118.641346	38.599488
32023	-116.21669	36.562845
32027	-118.320136	40.32914
32029	-119.59617	39.389328
32031	-119.798794	39.530601
32033	-114.845857	39.274946
32510	-119.753397	39.166294
33001	-71.443412	43.523486
33003	-71.177006	43.806271
33005	-72.264126	42.899414
33007	-71.360314	44.558537
33009	-71.959245	43.838436
33011	-71.53223	42.877295
33013	-71.584957	43.246345
33015	-71.103575	42.934903
33017	-70.955639	43.248738
33019	-72.260172	43.367721
34001	-74.57431	39.424085
34003	-74.058064	40.918837
34005	-74.834381	39.979658
34007	-75.028402	39.863991
34009	-74.800723	39.098704
34011	-75.087538	39.429429
34013	-74.216707	40.768741
34015	-75.12258	39.749683
34017	-74.062194	40.743302
34019	-74.897927	40.573907
34021	-74.702085	40.255949
34023	-74.386347	40.487767
34025	-74.141352	40.291914
34027	-74.500901	40.85966
34029	-74.208139	39.969952
34031	-74.192008	40.927025
34033	-75.375444	39.623333
34035	-74.580046	40.5644
34037	-74.651578	41.091309
34039	-74.294035	40.659822
34041	-75.013827	40.796744
35001	-106.603658	35.106953
35003	-108.5485	33.904607
35005	-104.511043	33.366064
35006	-107.8196	35.103917
35007	-104.640131	36.707407
35009	-103.226561	34.419597
35011	-104.241393	34.448286
35013	-106.731833	32.238228
35015	-104.287381	32.541327
35017	-108.241467	32.77993
35019	-104.779828	34.904911
35021	-104.003789	35.92199
35023	-108.759089	32.262115
35025	-103.199751	32.755001
35027	-105.619897	33.422874
35028	-106.269878	35.868595
35029	-107.72004	32.213377
35031	-108.62425	35.520532
35033	-105.222502	36.006799
35035	-105.960337	32.863341
35037	-103.650244	35.174591
35039	-106.189647	36.190674
35041	-103.349919	34.160802
35043	-106.648656	35.350585
35045	-108.221464	36.716862
35047	-105.295886	35.568849
35049	-106.00068	35.629844
35051	-107.284194	33.096384
35053	-106.940855	34.153731
35055	-105.608546	36.439557
35057	-106.097695	34.878334
35059	-103.30582	36.458786
35061	-106.718264	34.752539
36001	-73.814945	42.678342
36003	-78.023594	42.228085
36005	-73.881696	40.849897
36007	-75.931295	42.122746
36009	-78.608772	42.226754
36011	-76.561079	42.939205
36013	-79.316155	42.247744
36015	-76.813264	42.117563
36017	-75.57065	42.48059
36019	-73.548716	44.731586
36021	-73.680852	42.275878
36023	-76.142288	42.594928
36025	-74.990078	42.241852
36027	-73.837388	41.686242
36029	-78.79344	42.886973
36031	-73.689779	44.163906
36033	-74.347769	44.708487
36035	-74.329659	43.062076
36037	-78.174022	43.000161
36039	-73.979045	42.298508
36041	-74.413005	43.634867
36043	-74.99718	43.074163
36045	-75.901229	44.021233
36047	-73.954493	40.649607
36049	-75.442671	43.78924
36051	-77.763651	42.764913
36053	-75.718851	42.987047
36055	-77.620202	43.161889
36057	-74.342121	42.932792
36059	-73.601324	40.715711
36061	-73.964827	40.780276
36063	-78.8532	43.135845
36065	-75.363963	43.150666
36067	-76.16789	43.065746
36069	-77.256051	42.895955
36071	-74.242899	41.42182
36073	-78.215522	43.248384
36075	-76.30776	43.392032
36077	-75.061467	42.565089
36079	-73.716429	41.411389
36081	-73.833383	40.720753
36083	-73.627839	42.699809
36085	-74.137139	40.588236
36087	-74.017265	41.127792
36089	-75.152676	44.64963
36091	-73.787397	43.009819
36093	-73.947828	42.809362
36095	-74.435667	42.643621
36097	-76.871584	42.388452
36099	-76.828041	42.834426
36101	-77.325627	42.270465
36103	-73.114548	40.820938
36105	-74.707887	41.702761
36107	-76.298382	42.122017
36109	-76.479624	42.461067
36111	-74.100565	41.847435
36113	-73.719208	43.403629
36115	-73.454461	43.288586
36117	-77.121665	43.146217
36119	-73.805095	41.040074
36121	-78.207091	42.720373
36123	-77.078496	42.634867
37001	-79.411818	36.072066
37003	-81.190343	35.89108
37005	-81.106863	36.495691
37007	-80.098177	34.968038
37009	-81.488353	36.41759
37011	-81.940974	36.080733
37013	-76.950314	35.517746
37015	-76.97887	36.090226
37017	-78.642212	34.606562
37019	-78.245417	34.023969
37021	-82.548613	35.589706
37023	-81.638371	35.731737
37025	-80.599306	35.404143
37027	-81.508386	35.879479
37029	-76.183537	36.354766
37031	-76.793188	34.744079
37033	-79.361473	36.400472
37035	-81.249727	35.696672
37037	-79.258747	35.735933
37039	-84.00854	35.110726
37041	-76.625394	36.114153
37043	-83.805183	35.036054
37045	-81.51468	35.294414
37047	-78.710211	34.282722
37049	-77.038454	35.06151
37051	-78.937654	35.062334
37053	-75.994179	36.381322
37055	-75.674328	35.9159
37057	-80.203102	35.845806
37059	-80.527393	35.926548
37061	-77.946337	34.93148
37063	-78.908949	35.994108
37065	-77.659794	35.906617
37067	-80.25717	36.109518
37069	-78.329408	36.051461
37071	-81.159551	35.275439
37073	-76.71316	36.453978
37075	-83.795295	35.335071
37077	-78.658278	36.2383
37079	-77.668536	35.472836
37081	-79.851229	36.061421
37083	-77.674319	36.347045
37085	-78.828445	35.362895
37087	-82.941559	35.516349
37089	-82.473931	35.33772
37091	-77.00867	36.34851
37093	-79.193821	34.982597
37095	-76.207561	35.464292
37097	-80.870388	35.72622
37099	-83.198724	35.337681
37101	-78.398064	35.550979
37103	-77.342732	35.027444
37105	-79.172938	35.462801
37107	-77.631675	35.262266
37109	-81.194248	35.483065
37111	-82.02606	35.669771
37113	-83.377767	35.158433
37115	-82.649167	35.841737
37117	-77.103742	35.834625
37119	-80.8119	35.21642
37121	-82.12081	35.959635
37123	-79.881217	35.336605
37125	-79.448008	35.249186
37127	-77.920626	35.947916
37129	-77.882271	34.212209
37131	-77.440449	36.43321
37133	-77.395229	34.736082
37135	-79.080974	35.976073
37137	-76.772076	35.112663
37139	-76.249681	36.292397
37141	-77.855687	34.479266
37143	-76.420537	36.181693
37145	-78.97298	36.378884
37147	-77.381686	35.581263
37149	-82.178824	35.255807
37151	-79.827334	35.765257
37153	-79.730819	34.945276
37155	-79.094862	34.670161
37157	-79.771027	36.404167
37159	-80.521026	35.622505
37161	-81.893888	35.348345
37163	-78.393748	35.028186
37165	-79.480423	34.787032
37167	-80.247544	35.319234
37169	-80.270192	36.352514
37171	-80.657685	36.430887
37173	-83.410417	35.438882
37175	-82.7462	35.210899
37177	-76.241261	35.899035
37179	-80.589442	35.007514
37181	-78.401848	36.333072
37183	-78.668673	35.796458
37185	-78.132704	36.417262
37187	-76.642994	35.863396
37189	-81.687217	36.218823
37191	-77.988479	35.367627
37193	-81.133069	36.194346
37195	-77.925424	35.724685
37197	-80.671941	36.162792
37199	-82.29243	35.91039
38001	-102.641789	46.039699
38003	-98.034362	46.925534
38005	-99.165185	48.027865
38007	-103.376737	46.998016
38009	-100.651115	48.821445
38011	-103.382351	46.167603
38013	-102.517791	48.782323
38015	-100.763512	46.820369
38017	-96.857616	46.866683
38019	-98.417	48.753175
38021	-98.329879	46.089524
38023	-103.360879	48.872031
38025	-102.621821	47.31696
38027	-99.047702	47.711845
38029	-100.204086	46.257187
38031	-99.034934	47.458052
38033	-103.964884	46.896065
38035	-97.135383	47.908893
38037	-101.704227	46.383728
38039	-98.184087	47.451764
38041	-102.519111	46.440868
38043	-99.810981	46.932151
38045	-98.518616	46.406877
38047	-99.542123	46.487756
38049	-100.685837	48.181361
38051	-99.476714	46.134456
38053	-103.236264	47.807462
38055	-101.199214	47.522789
38057	-101.715768	47.306025
38059	-101.03432	46.815746
38061	-102.361038	48.125307
38063	-98.204476	47.915555
38065	-101.347924	47.13191
38067	-97.57453	48.78889
38069	-99.994787	48.325882
38071	-98.833531	48.142767
38073	-97.658028	46.477789
38075	-101.551845	48.731302
38077	-96.765772	46.261585
38079	-99.813777	48.835331
38081	-97.583399	46.158479
38083	-100.328727	47.584476
38085	-100.718304	46.162569
38087	-103.438963	46.419359
38089	-102.782078	46.877984
38091	-97.748767	47.461487
38093	-98.746937	46.916145
38095	-99.242236	48.601877
38097	-97.222985	47.48884
38099	-97.566924	48.387279
38101	-101.330553	48.261272
38103	-99.762215	47.665826
38105	-103.559846	48.202298
39001	-83.512703	38.849591
39003	-84.12083	40.75811
39005	-82.285734	40.853176
39007	-80.769656	41.795929
39009	-82.099089	39.34733
39011	-84.270769	40.544636
39013	-80.885723	40.040796
39015	-83.892802	38.94809
39017	-84.504008	39.412287
39019	-81.113683	40.60769
39021	-83.761103	40.122955
39023	-83.83167	39.925777
39025	-84.21304	39.101703
39027	-83.837593	39.410943
39029	-80.729231	40.774883
39031	-81.863164	40.288607
39033	-82.873235	40.798576
39035	-81.672227	41.452473
39037	-84.609394	40.117699
39039	-84.444908	41.29447
39041	-83.012545	40.224775
39043	-82.62721	41.406361
39045	-82.65936	39.790036
39047	-83.445313	39.549838
39049	-82.996426	40.000159
39051	-84.098308	41.57715
39053	-82.271073	38.833428
39055	-81.224641	41.490638
39057	-83.995082	39.726355
39059	-81.541839	40.016589
39061	-84.507154	39.179646
39063	-83.644091	41.038246
39065	-83.676335	40.688332
39067	-81.054571	40.309833
39069	-84.078432	41.358136
39071	-83.583179	39.216064
39073	-82.453802	39.520832
39075	-81.876535	40.567545
39077	-82.616142	41.172869
39079	-82.6104	39.037037
39081	-80.694478	40.364857
39083	-82.454678	40.400577
39085	-81.323123	41.685225
39087	-82.538299	38.505901
39089	-82.502873	40.055563
39091	-83.782781	40.387824
39093	-82.118898	41.388082
39095	-83.61116	41.654061
39097	-83.38124	39.923234
39099	-80.695812	41.051163
39101	-83.132223	40.581162
39103	-81.842916	41.143932
39105	-82.007847	39.057442
39107	-84.607329	40.518013
39109	-84.235707	40.046928
39111	-81.061821	39.741769
39113	-84.207957	39.74826
39115	-81.866081	39.618988
39117	-82.794488	40.522779
39119	-81.996309	39.962032
39121	-81.479293	39.774864
39123	-83.08656	41.533513
39125	-84.584252	41.131006
39127	-82.230571	39.752691
39129	-82.997699	39.665691
39131	-83.038741	39.082573
39133	-81.268084	41.17856
39135	-84.622201	39.740569
39137	-84.115161	41.009044
39139	-82.53937	40.764063
39141	-83.017755	39.33879
39143	-83.105216	41.342585
39145	-82.945938	38.784675
39147	-83.201201	41.128156
39149	-84.191288	40.317297
39151	-81.385725	40.835443
39153	-81.512088	41.110547
39155	-80.759372	41.23994
39157	-81.46407	40.478654
39159	-83.358304	40.262949
39161	-84.567634	40.857694
39163	-82.495685	39.236456
39165	-84.243467	39.428761
39167	-81.509425	39.414215
39169	-81.865047	40.839128
39171	-84.573337	41.536069
39173	-83.599538	41.446413
39175	-83.299503	40.865582
40001	-94.633414	35.890578
40003	-98.324818	36.666287
40005	-96.080519	34.338278
40007	-100.619804	36.806398
40009	-99.519705	35.358272
40011	-98.422728	35.879871
40013	-96.382257	33.973111
40015	-98.341579	35.140811
40017	-97.796002	35.492463
40019	-97.204869	34.193852
40021	-94.994087	35.90079
40023	-95.521311	34.01942
40025	-102.492871	36.734071
40027	-97.442054	35.262096
40029	-96.273544	34.55181
40031	-98.423939	34.632365
40033	-98.332463	34.307193
40035	-95.157621	36.675662
40037	-96.241181	35.974458
40039	-98.842906	35.550879
40041	-94.795675	36.45832
40043	-99.056287	36.052298
40045	-99.788	36.267107
40047	-97.882035	36.397245
40049	-97.285572	34.734984
40051	-97.877507	35.083203
40053	-97.776595	36.772134
40055	-99.46377	34.913088
40057	-99.894133	34.6934
40059	-99.738458	36.778236
40061	-95.113916	35.241536
40063	-96.306754	35.083266
40065	-99.329897	34.655356
40067	-97.869146	34.121354
40069	-96.650394	34.266076
40071	-97.129968	36.745935
40073	-97.916613	35.920559
40075	-99.013274	34.943508
40077	-95.264819	34.880891
40079	-94.640252	35.066192
40081	-96.884895	35.663046
40083	-97.437825	35.845633
40085	-97.172569	33.929641
40087	-97.498842	35.078591
40089	-94.814852	34.002666
40091	-95.582128	35.387758
40093	-98.432703	36.296133
40095	-96.752818	34.014056
40097	-95.231899	36.290822
40099	-97.030935	34.504717
40101	-95.36712	35.710343
40103	-97.234667	36.328644
40105	-95.634513	36.772061
40107	-96.328492	35.45136
40109	-97.51094	35.513508
40111	-95.967045	35.61418
40113	-96.260836	36.437838
40115	-94.839213	36.865882
40117	-96.546613	36.268952
40119	-96.997969	36.08979
40121	-95.725414	34.956091
40123	-96.669899	34.774385
40125	-96.950489	35.31337
40127	-95.467966	34.349055
40129	-99.66903	35.641135
40131	-95.633452	36.320322
40133	-96.626879	35.176744
40135	-94.73576	35.469448
40137	-97.942305	34.516155
40139	-101.437877	36.714885
40141	-98.976741	34.381122
40143	-95.918802	36.107492
40145	-95.593631	36.003447
40147	-95.940857	36.730914
40149	-99.052164	35.313918
40151	-98.725005	36.759881
40153	-99.379835	36.424811
41001	-117.772866	44.777295
41003	-123.282873	44.569486
41005	-122.573779	45.362198
41007	-123.82721	46.096437
41009	-122.938436	45.89701
41011	-124.224888	43.301521
41013	-120.816392	44.287572
41015	-124.312933	42.264031
41017	-121.305152	44.082042
41019	-123.387822	43.241919
41021	-120.188153	45.417933
41023	-118.99506	44.439066
41025	-119.007787	43.530201
41027	-121.568029	45.644498
41029	-122.856742	42.344773
41031	-121.19512	44.59525
41033	-123.390462	42.398697
41035	-121.724772	42.281587
41037	-120.492844	42.50249
41039	-123.115506	44.037446
41041	-123.993563	44.718208
41043	-122.946135	44.551042
41045	-117.116503	43.982346
41047	-122.955002	44.960743
41049	-119.6099	45.725218
41051	-122.589107	45.518345
41053	-123.222856	44.919904
41055	-120.734972	45.516099
41057	-123.82703	45.468365
41059	-118.930688	45.793328
41061	-118.021843	45.345351
41063	-117.32194	45.456696
41065	-121.214422	45.53749
41067	-122.871426	45.484723
41069	-120.045558	44.789591
41071	-123.141349	45.239439
42001	-77.159943	39.853798
42003	-79.963421	40.44431
42005	-79.510798	40.769369
42007	-80.302947	40.683411
42009	-78.474898	40.055708
42011	-75.908835	40.36696
42013	-78.377438	40.486628
42015	-76.529355	41.834075
42017	-75.019338	40.237489
42019	-79.953393	40.834676
42021	-78.80179	40.405741
42023	-78.239584	41.505395
42025	-75.718531	40.86396
42027	-77.838449	40.84286
42029	-75.673351	39.99142
42031	-79.429305	41.182055
42033	-78.501252	40.992828
42035	-77.458815	41.146549
42037	-76.385974	41.041358
42039	-80.103409	41.665434
42041	-77.101551	40.203739
42043	-76.797893	40.305235
42045	-75.346927	39.921576
42047	-78.623009	41.419069
42049	-80.070658	42.067498
42051	-79.71005	39.949654
42053	-79.289051	41.502718
42055	-77.658992	39.881395
42057	-78.080296	39.929673
42059	-80.12269	39.873454
42061	-77.999066	40.419336
42063	-79.128348	40.617955
42065	-78.967207	41.084502
42067	-77.324535	40.573289
42069	-75.636747	41.443361
42071	-76.288244	40.073133
42073	-80.338001	40.987609
42075	-76.442043	40.342672
42077	-75.507523	40.602096
42079	-75.927811	41.204393
42081	-76.986718	41.25075
42083	-78.586169	41.85928
42085	-80.342831	41.266213
42087	-77.614964	40.603635
42089	-75.309904	41.034619
42091	-75.307587	40.16688
42093	-76.631324	40.997659
42095	-75.322322	40.70056
42097	-76.682146	40.872239
42099	-77.158133	40.408829
42101	-75.140302	40.005285
42103	-74.978783	41.306119
42105	-77.932399	41.820868
42107	-76.197583	40.715167
42109	-76.983629	40.787273
42111	-79.009282	40.029745
42113	-76.490407	41.473849
42115	-75.773499	41.823309
42117	-77.203637	41.814962
42119	-76.961855	40.972859
42121	-79.767159	41.405481
42123	-79.235364	41.851218
42125	-80.147101	40.201356
42127	-75.301619	41.547335
42129	-79.59211	40.339259
42131	-75.942535	41.535785
42133	-76.750688	39.940882
44001	-71.284498	41.71334
44003	-71.48575	41.699446
44005	-71.268241	41.546632
44007	-71.45	41.856301
44009	-71.588799	41.466407
45001	-82.422608	34.238606
45003	-81.766449	33.535252
45005	-81.291217	32.995919
45007	-82.619941	34.550365
45009	-81.073449	33.269892
45011	-81.353987	33.295856
45013	-80.735717	32.336466
45015	-80.032247	33.084176
45017	-80.811252	33.676657
45019	-79.981093	32.819086
45021	-81.64167	35.078389
45023	-81.118684	34.702297
45025	-80.140605	34.681263
45027	-80.208388	33.688684
45029	-80.653824	32.910701
45031	-79.981957	34.327178
45033	-79.357964	34.397092
45035	-80.235355	33.010119
45037	-81.924618	33.726287
45039	-81.078083	34.359268
45041	-79.757897	34.096717
45043	-79.2841	33.451648
45045	-82.343107	34.850482
45047	-82.148951	34.202917
45049	-81.132268	32.79732
45051	-78.94063	33.794884
45053	-81.020524	32.428894
45055	-80.638472	34.267702
45057	-80.730948	34.721732
45059	-82.028505	34.504733
45061	-80.258109	34.177331
45063	-81.207499	33.959273
45065	-82.300161	33.889414
45067	-79.335261	34.162061
45069	-79.672166	34.637418
45071	-81.578395	34.271456
45073	-83.008609	34.707082
45075	-80.798914	33.469174
45077	-82.68508	34.812975
45079	-80.988293	34.049397
45081	-81.704422	33.99428
45083	-81.993148	34.96165
45085	-80.387519	33.929904
45087	-81.62587	34.730683
45089	-79.721259	33.657621
45091	-81.073633	34.983611
46003	-98.52713	43.69887
46005	-98.232402	44.372075
46007	-101.769679	43.211298
46009	-97.86947	42.976187
46011	-96.787613	44.316185
46013	-98.445552	45.480254
46015	-99.184858	43.762658
46017	-99.375468	44.062655
46019	-103.74959	44.680025
46021	-100.096582	45.814527
46023	-98.521709	43.173814
46025	-97.707439	44.840297
46027	-96.94182	42.81466
46029	-97.13142	44.91521
46031	-100.95207	45.759759
46033	-103.516911	43.736778
46035	-98.044503	43.704804
46037	-97.524971	45.363708
46039	-96.664399	44.735792
46041	-101.129189	45.111643
46043	-98.362467	43.369802
46045	-99.181524	45.451204
46047	-103.522804	43.389636
46049	-99.10751	45.07027
46051	-96.647554	45.203064
46053	-99.27706	43.182061
46055	-101.587805	44.13918
46057	-97.143849	44.652942
46059	-98.991166	44.54372
46061	-97.772125	43.649584
46063	-103.498692	45.617136
46065	-100.297279	44.379933
46067	-97.757475	43.332848
46069	-99.460988	44.513111
46071	-101.624855	43.688558
46073	-98.565458	44.087418
46075	-100.697571	43.908076
46077	-97.405152	44.377276
46079	-97.102416	44.003284
46081	-103.805621	44.443331
46083	-96.734196	43.392663
46085	-99.718886	43.931385
46087	-97.354929	43.66197
46089	-99.289318	45.762284
46091	-97.645999	45.761648
46093	-103.271726	44.301124
46095	-100.812172	43.54538
46097	-97.567641	44.020674
46099	-96.730288	43.559444
46101	-96.661588	44.02034
46103	-103.216023	44.064264
46105	-102.328039	45.719147
46107	-99.895237	45.080183
46109	-96.947468	45.610243
46111	-98.15596	44.007351
46113	-102.475316	43.192117
46115	-98.41101	44.909783
46117	-100.442379	44.358139
46119	-100.102974	44.714443
46121	-100.785896	43.25098
46123	-99.856634	43.354212
46125	-97.121955	43.305499
46127	-96.609914	42.724941
46129	-100.300442	45.519235
46135	-97.395272	42.906032
46137	-101.587133	44.890294
47001	-84.179129	36.084752
47003	-86.464587	35.512085
47005	-88.087534	36.072251
47007	-85.185717	35.619668
47009	-83.970843	35.754461
47011	-84.86024	35.165329
47013	-84.124555	36.38475
47015	-86.058811	35.797764
47017	-88.464975	36.013544
47019	-82.200262	36.317597
47021	-87.063687	36.26224
47023	-88.624525	35.433357
47025	-83.644804	36.489577
47027	-85.559985	36.551818
47029	-83.173573	35.947188
47031	-86.126257	35.451738
47033	-89.122646	35.788544
47035	-85.023675	35.950268
47037	-86.749731	36.145758
47039	-88.122416	35.611946
47041	-85.836128	35.967313
47043	-87.350195	36.109132
47045	-89.361078	36.058517
47047	-89.457615	35.205291
47049	-84.930727	36.374105
47051	-86.116429	35.208226
47053	-88.882851	35.944753
47055	-87.033232	35.18975
47057	-83.479456	36.270262
47059	-82.8339	36.176182
47061	-85.719485	35.344471
47063	-83.295945	36.214818
47065	-85.208325	35.093273
47067	-83.225406	36.519563
47069	-89.01957	35.220505
47071	-88.225352	35.19798
47073	-82.870615	36.46386
47075	-89.271386	35.585477
47077	-88.399362	35.64701
47079	-88.297522	36.31971
47081	-87.407944	35.849902
47083	-87.703672	36.303088
47085	-87.777483	36.069662
47087	-85.631261	36.332529
47089	-83.456435	36.069847
47091	-81.844805	36.452144
47093	-83.980553	35.973918
47095	-89.478247	36.360352
47097	-89.55012	35.763448
47099	-87.35779	35.228933
47101	-87.527509	35.534152
47103	-86.574424	35.112062
47105	-84.287485	35.760683
47107	-84.598922	35.422415
47109	-88.545963	35.1775
47111	-86.02322	36.537926
47113	-88.822759	35.643862
47115	-85.601837	35.107926
47117	-86.773443	35.478953
47119	-87.054464	35.616881
47121	-84.81754	35.505667
47123	-84.355093	35.511746
47125	-87.363849	36.543619
47127	-86.344476	35.290377
47129	-84.589796	36.105427
47131	-89.084377	36.395706
47133	-85.321122	36.349087
47135	-87.857934	35.648399
47137	-85.138281	36.567259
47139	-84.56207	35.124427
47141	-85.502403	36.163545
47143	-84.951982	35.561202
47145	-84.52501	35.880751
47147	-86.835048	36.487788
47149	-86.44232	35.891583
47151	-84.506534	36.448591
47153	-85.395646	35.350622
47155	-83.579052	35.859033
47157	-89.9083	35.128042
47159	-85.965296	36.240863
47161	-87.802699	36.493291
47163	-82.395042	36.529733
47165	-86.53751	36.396089
47167	-89.746859	35.48436
47169	-86.167537	36.394706
47171	-82.396284	36.151563
47173	-83.822958	36.243049
47175	-85.455852	35.724432
47177	-85.79122	35.696806
47179	-82.434638	36.323855
47181	-87.789699	35.256346
47183	-88.765981	36.290534
47185	-85.48744	35.934791
47187	-86.862438	35.93333
47189	-86.398196	36.201045
48001	-95.67784	31.781699
48003	-102.523037	32.311706
48005	-94.712037	31.312337
48007	-97.063377	28.035014
48009	-98.616473	33.705073
48011	-101.386458	35.084018
48013	-98.570786	29.030522
48015	-96.225794	29.859554
48017	-102.750833	34.202145
48019	-99.038926	29.702792
48021	-97.345367	30.143137
48023	-99.260925	33.603917
48025	-97.734515	28.395756
48027	-97.578666	31.085981
48029	-98.518238	29.469064
48031	-98.398063	30.184208
48033	-101.428655	32.761631
48035	-97.579515	31.867179
48037	-94.20968	33.435457
48039	-95.391349	29.278111
48041	-96.335194	30.633941
48043	-103.608366	30.232344
48045	-101.241168	34.44985
48047	-98.147897	27.199375
48049	-98.992877	31.732294
48051	-96.633046	30.480185
48053	-98.250718	30.6735
48055	-97.679701	29.847472
48057	-96.62757	28.584348
48059	-99.447907	32.349739
48061	-97.559282	26.048629
48063	-94.99032	32.990074
48065	-101.324859	35.388565
48067	-94.298727	33.082374
48069	-102.27094	34.524319
48071	-94.699117	29.797957
48073	-95.207871	31.900206
48075	-100.223799	34.428922
48077	-98.243135	33.824068
48079	-102.744293	33.687135
48081	-100.431143	31.902502
48083	-99.429629	31.815926
48085	-96.701399	33.083014
48087	-100.219295	34.865655
48089	-96.535481	29.658128
48091	-98.217657	29.760583
48093	-98.558322	31.967392
48095	-99.86983	31.29226
48097	-97.137123	33.61479
48099	-97.825553	31.2395
48101	-100.30439	34.029161
48103	-102.362987	31.392865
48105	-101.225238	30.714798
48107	-101.36885	33.660006
48109	-104.7908	31.092701
48111	-102.574779	36.111762
48113	-96.786496	32.814754
48115	-101.950935	32.734493
48117	-102.403255	34.835433
48119	-95.704814	33.377567
48121	-97.029406	33.099894
48123	-97.317114	29.102187
48125	-100.827363	33.525979
48127	-99.823525	28.512452
48129	-100.852246	34.941665
48131	-98.402126	27.737337
48133	-98.833978	32.357294
48135	-102.386664	31.865567
48137	-100.20272	29.984947
48139	-96.803819	32.417595
48141	-106.385065	31.781428
48143	-98.236826	32.202492
48145	-96.952308	31.259985
48147	-96.174297	33.563054
48149	-96.894761	29.851846
48151	-100.413327	32.777074
48153	-101.366721	34.04038
48155	-99.711201	33.990695
48157	-95.64736	29.600348
48159	-95.222765	33.12552
48161	-96.216048	31.702915
48163	-99.114769	28.840338
48165	-102.644311	32.758529
48167	-94.990299	29.41007
48169	-101.389604	33.198692
48171	-98.901195	30.275447
48173	-101.543668	31.856192
48175	-97.378101	28.702922
48177	-97.506552	29.471651
48179	-100.935879	35.519894
48181	-96.622956	33.653456
48183	-94.790534	32.496827
48185	-96.013026	30.457133
48187	-98.06428	29.59579
48189	-101.742807	34.142984
48191	-100.604884	34.655837
48193	-98.101081	31.752989
48195	-101.273892	36.216903
48197	-99.690416	34.282336
48199	-94.262199	30.309202
48201	-95.405552	29.79369
48203	-94.402804	32.535882
48205	-102.554879	35.972055
48207	-99.769642	33.188525
48209	-97.949743	29.9905
48211	-100.361493	35.888888
48213	-95.899613	32.237005
48215	-98.178034	26.22951
48217	-97.171903	31.997347
48219	-102.333831	33.587698
48221	-97.769315	32.432751
48223	-95.586384	33.125056
48225	-95.452691	31.308347
48227	-101.458437	32.244912
48229	-105.628732	31.404905
48231	-96.090186	33.084038
48233	-101.45235	35.6781
48235	-100.852936	31.272772
48237	-98.175715	33.200526
48239	-96.589628	28.959836
48241	-93.997843	30.73688
48243	-103.976904	30.609259
48245	-94.06286	30.00851
48247	-98.68436	27.300615
48249	-98.063856	27.751306
48251	-97.323671	32.42978
48253	-99.824697	32.728613
48255	-97.870747	28.849975
48257	-96.310976	32.631948
48259	-98.74187	29.854274
48261	-97.776095	26.973445
48263	-100.627922	33.257821
48265	-99.166778	30.040901
48267	-99.745953	30.492212
48269	-100.329255	33.634983
48271	-100.42674	29.280869
48273	-97.862675	27.491198
48275	-99.707974	33.461835
48277	-95.533292	33.673326
48279	-102.325412	34.025251
48281	-98.121892	31.09641
48283	-99.227334	28.396822
48285	-97.051996	29.409402
48287	-96.965532	30.271659
48289	-96.046711	31.297823
48291	-94.895471	30.157696
48293	-96.523055	31.592079
48295	-100.332829	36.361088
48297	-98.112438	28.347317
48299	-98.516299	30.690819
48301	-103.569761	31.768054
48303	-101.883322	33.559339
48305	-101.808485	33.181928
48307	-99.340365	31.147274
48309	-97.167432	31.543124
48311	-98.519987	28.461767
48313	-95.896963	30.960419
48315	-94.416979	32.791471
48317	-101.821792	32.185944
48319	-99.209886	30.750494
48321	-95.99935	28.911109
48323	-100.479861	28.702479
48325	-98.967746	29.291507
48327	-99.784619	30.903561
48329	-102.100918	31.998815
48331	-97.00872	30.748852
48333	-98.581671	31.488772
48335	-100.873894	32.38664
48337	-97.757937	33.642564
48339	-95.465366	30.238373
48341	-101.955059	35.902509
48343	-94.725878	33.07268
48345	-100.835141	34.01928
48347	-94.640073	31.624626
48349	-96.49279	32.077976
48351	-93.752509	30.696553
48353	-100.411699	32.446902
48355	-97.433696	27.737491
48357	-100.811998	36.377976
48359	-102.404265	35.331146
48361	-93.865171	30.121384
48363	-98.170721	32.779276
48365	-94.3309	32.164197
48367	-97.739955	32.800252
48369	-102.811378	34.538955
48371	-102.807833	30.887701
48373	-94.9278	30.744411
48375	-101.83394	35.22091
48377	-104.256302	29.81311
48379	-95.803112	32.885015
48381	-101.887923	35.120781
48383	-101.463938	31.224262
48385	-99.870899	29.72414
48387	-95.07009	33.594266
48389	-103.532616	31.36938
48391	-97.235913	28.293529
48393	-100.692793	35.718041
48395	-96.552868	30.965561
48397	-96.450983	32.91077
48399	-99.984902	31.802532
48401	-94.795629	32.192486
48403	-93.857248	31.33789
48405	-94.146191	31.448679
48407	-95.128303	30.562027
48409	-97.398076	27.947665
48411	-98.765584	31.188639
48413	-100.59207	30.870482
48415	-100.903115	32.715502
48417	-99.309273	32.69596
48419	-94.177859	31.820558
48421	-101.977166	36.337576
48423	-95.296315	32.328944
48425	-97.763801	32.233156
48427	-98.844109	26.394775
48429	-98.90291	32.75329
48431	-100.999315	31.837416
48433	-100.232082	33.141106
48435	-100.634265	30.561219
48437	-101.769131	34.52691
48439	-97.239246	32.758763
48441	-99.771324	32.425063
48443	-102.324112	30.162664
48445	-102.274202	33.186545
48447	-99.14433	33.149203
48449	-94.967545	33.180284
48451	-100.461219	31.452783
48453	-97.751374	30.307222
48455	-95.231862	31.005902
48457	-94.356622	30.742745
48459	-94.925975	32.698304
48461	-102.10787	31.205758
48463	-99.761934	29.243451
48465	-100.89922	29.384082
48467	-95.833598	32.582787
48469	-96.990104	28.819475
48471	-95.537511	30.733841
48473	-95.973776	30.019845
48475	-102.937357	31.559053
48477	-96.396292	30.183046
48479	-99.47885	27.515048
48481	-96.171598	29.28016
48483	-100.260962	35.352361
48485	-98.551978	33.925604
48487	-99.294362	34.143391
48489	-97.77648	26.455182
48491	-97.707652	30.552781
48493	-98.136467	29.21875
48495	-103.098546	31.841042
48497	-97.643365	33.168033
48499	-95.392305	32.773271
48501	-102.831816	33.036869
48503	-98.631958	33.172913
48505	-99.266866	26.907022
48507	-99.800559	28.761627
49001	-112.769686	38.30112
49003	-112.103015	41.589715
49005	-111.839403	41.74709
49007	-110.77828	39.60028
49009	-109.658631	40.93845
49011	-111.949254	41.018401
49013	-110.174556	40.291371
49015	-110.947217	39.223821
49017	-112.062115	37.774574
49019	-109.528499	38.577793
49021	-113.077315	37.713714
49023	-111.90953	39.740317
49025	-112.41191	37.11478
49027	-112.504207	39.215015
49029	-111.707163	41.07252
49031	-112.213844	38.288475
49033	-111.271761	41.734462
49035	-111.913328	40.654037
49037	-109.536712	37.499469
49039	-111.602887	39.383119
49041	-112.039681	38.778489
49043	-111.469785	40.731318
49045	-112.41156	40.545206
49047	-109.59304	40.431035
49049	-111.705057	40.26226
49051	-111.401784	40.492395
49053	-113.522311	37.138705
49055	-111.428373	38.354293
49057	-111.985074	41.223602
50001	-73.168641	44.061594
50003	-73.152363	42.975619
50005	-72.08273	44.466886
50007	-73.147981	44.481704
50009	-71.739797	44.659687
50011	-72.991491	44.840637
50013	-73.295151	44.794199
50015	-72.654075	44.586583
50017	-72.394378	43.993303
50019	-72.21992	44.864579
50021	-73.043973	43.602592
50023	-72.585169	44.242263
50025	-72.621619	42.957537
50027	-72.495025	43.547438
51001	-75.621356	37.797643
51003	-78.515995	38.054456
51005	-79.965505	37.795977
51007	-77.977978	37.337216
51009	-79.103682	37.52038
51011	-78.82977	37.358886
51013	-77.101451	38.874152
51015	-79.036894	38.127353
51017	-79.76686	38.022819
51019	-79.511817	37.314185
51021	-81.095378	37.150613
51023	-79.845531	37.448113
51025	-77.857048	36.755291
51027	-82.05739	37.26558
51029	-78.47321	37.581855
51031	-79.162963	37.255541
51033	-77.415607	38.010658
51035	-80.761536	36.713959
51036	-77.099653	37.367589
51037	-78.629667	37.009065
51041	-77.546671	37.420221
51043	-77.989707	39.127911
51045	-80.185548	37.464445
51047	-77.998093	38.501825
51049	-78.272815	37.477014
51051	-82.380858	37.139174
51053	-77.560786	37.133367
51057	-76.899539	37.917681
51059	-77.257921	38.843767
51061	-77.779705	38.698553
51063	-80.34127	36.940905
51065	-78.301406	37.88148
51067	-79.862236	37.014973
51069	-78.194524	39.172812
51071	-80.716058	37.318841
51073	-76.527713	37.371087
51075	-77.854069	37.7024
51077	-81.139553	36.653653
51079	-78.426712	38.259912
51081	-77.552126	36.699735
51083	-78.926646	36.751683
51085	-77.421011	37.686732
51087	-77.496006	37.600815
51089	-79.903582	36.689404
51091	-79.57127	38.385325
51093	-76.667	36.917424
51095	-76.75366	37.289842
51097	-76.894184	37.697975
51099	-77.150593	38.29178
51101	-77.065197	37.69942
51103	-76.437416	37.700919
51105	-83.101138	36.719345
51107	-77.501143	39.059912
51109	-77.955834	37.978885
51111	-78.213664	36.968264
51113	-78.237868	38.387176
51115	-76.327016	37.442506
51117	-78.328448	36.688634
51119	-76.498182	37.601648
51121	-80.41163	37.190284
51125	-78.875057	37.811439
51127	-77.039557	37.503506
51131	-75.914766	37.387219
51133	-76.40427	37.890224
51135	-78.068898	37.14091
51137	-77.991472	38.255383
51139	-78.496343	38.606294
51141	-80.285121	36.656868
51143	-79.411486	36.774435
51145	-77.872624	37.551347
51147	-78.430144	37.255164
51149	-77.281426	37.214368
51153	-77.383032	38.680272
51155	-80.708461	37.079531
51157	-78.12935	38.690627
51159	-76.71258	37.941743
51161	-79.988813	37.270544
51163	-79.429707	37.785043
51165	-78.839717	38.456873
51167	-82.081375	36.94004
51169	-82.592166	36.684812
51171	-78.538022	38.863766
51173	-81.576852	36.827379
51175	-77.075701	36.715148
51177	-77.573593	38.237757
51179	-77.445641	38.417053
51181	-76.873352	37.123726
51183	-77.20459	36.962393
51185	-81.571788	37.145578
51187	-78.181586	38.924725
51191	-81.970445	36.701781
51193	-76.833918	38.15224
51195	-82.60948	36.950035
51197	-81.069052	36.917297
51199	-76.485566	37.168201
51510	-77.092628	38.820689
51515	-79.520061	37.338932
51520	-82.170783	36.610046
51530	-79.352471	37.733109
51540	-78.492953	38.034568
51550	-76.281966	36.757115
51570	-77.401372	37.263922
51580	-79.989554	37.781562
51590	-79.408058	36.591116
51595	-77.541239	36.691285
51600	-77.302891	38.852128
51610	-77.174754	38.883326
51620	-76.937627	36.677441
51630	-77.477419	38.298987
51640	-80.916496	36.66649
51650	-76.367304	37.045091
51660	-78.869398	38.443281
51670	-77.304854	37.288812
51678	-79.443688	37.783614
51680	-79.185896	37.399397
51683	-77.476169	38.752753
51685	-77.452006	38.772843
51690	-79.865021	36.683348
51700	-76.497118	37.090118
51710	-76.258066	36.895687
51720	-82.624884	36.936678
51730	-77.397438	37.210802
51735	-76.380441	37.131541
51740	-76.354198	36.834761
51750	-80.560222	37.129675
51760	-77.46662	37.535997
51770	-79.960961	37.277864
51775	-80.05503	37.285933
51790	-79.076986	38.158042
51800	-76.570299	36.770128
51810	-76.099088	36.823136
51820	-78.896299	38.071122
51830	-76.7108	37.275899
51840	-78.168676	39.176217
53001	-118.997527	46.869933
53003	-117.070202	46.386989
53005	-119.277384	46.231151
53007	-120.350532	47.534226
53009	-123.480635	48.092587
53011	-122.565111	45.678209
53013	-117.981348	46.327698
53015	-122.903937	46.144373
53017	-120.158199	47.516484
53019	-118.541806	48.628321
53021	-119.101205	46.315299
53023	-117.577078	46.477008
53025	-119.459757	47.154331
53027	-123.763716	46.995729
53029	-122.575946	48.206032
53031	-122.814996	48.012306
53033	-122.234723	47.548255
53035	-122.633467	47.614149
53037	-120.626083	47.050528
53039	-121.112648	45.795667
53041	-122.816333	46.613692
53043	-118.348757	47.62455
53045	-123.046751	47.283266
53047	-119.576183	48.450243
53049	-123.88913	46.533421
53051	-117.224502	48.29291
53053	-122.417269	47.182071
53055	-122.976055	48.570897
53057	-122.332994	48.467898
53059	-121.915539	45.69882
53061	-122.191095	47.928464
53063	-117.372582	47.680508
53065	-117.816221	48.301773
53067	-122.846738	47.000768
53069	-123.4259	46.241255
53071	-118.396337	46.082487
53073	-122.483443	48.819402
53075	-117.235942	46.811028
53077	-120.423896	46.517774
54001	-80.006772	39.111273
54003	-77.982935	39.458453
54005	-81.754224	38.056637
54007	-80.728035	38.690768
54009	-80.5848	40.308275
54011	-82.338822	38.413552
54013	-81.103911	38.852634
54015	-81.100122	38.463928
54017	-80.71228	39.286556
54019	-81.132667	38.031704
54021	-80.839023	38.924821
54023	-79.164902	39.056723
54025	-80.492503	37.860998
54027	-78.622003	39.324831
54029	-80.569708	40.481651
54031	-78.883863	39.032521
54033	-80.347679	39.286064
54035	-81.712806	38.840447
54037	-77.846937	39.314889
54039	-81.650268	38.3623
54041	-80.474365	39.033262
54043	-82.071423	38.202846
54045	-81.96823	37.853648
54047	-81.642976	37.38841
54049	-80.180612	39.485464
54051	-80.70328	39.924423
54053	-82.057589	38.826723
54055	-81.144672	37.35156
54057	-78.908555	39.466613
54059	-82.146391	37.699625
54061	-79.966319	39.636139
54063	-80.631386	37.547016
54065	-78.226819	39.582594
54067	-80.768364	38.277488
54069	-80.673719	40.078053
54071	-79.34047	38.669607
54073	-81.193863	39.380668
54075	-80.025465	38.290329
54077	-79.687459	39.48014
54079	-81.925288	38.474433
54081	-81.206865	37.769496
54083	-79.870542	38.866844
54085	-81.045255	39.208749
54087	-81.345879	38.72653
54089	-80.855823	37.662741
54091	-80.063979	39.337097
54093	-79.614845	39.112972
54095	-80.928561	39.507765
54097	-80.230338	38.956082
54099	-82.493503	38.261761
54101	-80.471953	38.473555
54103	-80.759417	39.62777
54105	-81.389142	39.054551
54107	-81.530629	39.266711
54109	-81.565679	37.628125
55001	-89.794253	43.95156
55003	-90.784406	46.463884
55005	-91.822338	45.436008
55007	-91.106229	46.595909
55009	-88.030732	44.498335
55011	-91.749553	44.373561
55013	-92.403152	45.835396
55015	-88.247367	44.136086
55017	-91.335064	44.991314
55019	-90.549406	44.776206
55021	-89.371318	43.463881
55023	-91.005904	43.167191
55025	-89.393712	43.073064
55027	-88.710506	43.433663
55029	-87.340409	44.91032
55031	-92.020752	46.634175
55033	-91.898474	44.916811
55035	-91.451753	44.790043
55037	-88.254532	45.850297
55039	-88.487134	43.764658
55041	-88.790991	45.567464
55043	-90.619045	42.827703
55045	-89.575529	42.663193
55047	-89.015487	43.842109
55049	-90.128625	42.981974
55051	-90.191758	46.336007
55053	-90.894561	44.323793
55055	-88.790414	43.04085
55057	-90.101396	43.840732
55059	-87.920812	42.572344
55061	-87.587323	44.529207
55063	-91.206816	43.854708
55065	-90.129869	42.658807
55067	-89.102667	45.187437
55069	-89.685753	45.290787
55071	-87.722538	44.105229
55073	-89.711715	44.909611
55075	-87.854685	45.23371
55077	-89.409908	43.80937
55078	-88.653409	44.920077
55079	-87.959993	43.034443
55081	-90.636302	43.942374
55083	-88.148989	44.91309
55085	-89.50015	45.715417
55087	-88.401822	44.310743
55089	-87.949799	43.320707
55091	-91.986375	44.592276
55093	-92.538059	44.768046
55095	-92.47684	45.408513
55097	-89.524258	44.49802
55099	-90.395421	45.722037
55101	-87.925784	42.735362
55103	-90.391877	43.350193
55105	-89.037248	42.652009
55107	-91.131929	45.4466
55109	-92.576046	45.020271
55111	-89.873033	43.444417
55113	-91.330143	45.926465
55115	-88.695419	44.789362
55117	-87.820206	43.732986
55119	-90.414111	45.172897
55121	-91.357068	44.298985
55123	-90.839096	43.604593
55125	-89.488588	45.985102
55127	-88.546434	42.669389
55129	-91.830027	45.850771
55131	-88.215308	43.347401
55133	-88.23297	43.034704
55135	-88.938832	44.43164
55137	-89.23196	44.104748
55139	-88.54052	44.099071
55141	-89.963275	44.475622
56001	-105.604651	41.317669
56003	-108.253994	44.638132
56005	-105.49473	44.25516
56007	-107.08954	41.667992
56009	-105.529091	42.807303
56011	-104.604319	44.446502
56013	-108.61453	43.018527
56015	-104.225795	42.052455
56017	-108.225102	43.664272
56019	-106.698363	44.26885
56021	-104.777682	41.153147
56023	-110.830789	42.53201
56025	-106.339488	42.844269
56027	-104.461131	42.831165
56029	-108.984528	44.607907
56031	-104.93947	42.096686
56033	-106.978388	44.778938
56035	-109.981379	42.79175
56037	-109.298893	41.57855
56039	-110.775557	43.49659
56041	-110.759782	41.276027
56043	-107.899639	44.005207
56045	-104.364995	43.866586
